1 0 2 3
0 4 0
1 5 6
7 5 0 8 5 0 9 6
10 6
2 11 6
12 13 6
14 15
16 17
16 18
19 15
20 6
12 21 6
22 23
24 0 25 26
27 0 28 0 6
16 29
30 31
16 32
16 20
24 33
34 16 21
2 35 36
1 37 2 38 9 6
12 39 6
0 0 9 0 9 40 9 0 9 14
41 42 43 15
44 0 0
44 45 16
44 46 16
0 47 48 49 50
0 51 52 53 54
55 56
57 58 0 0 59 0
60 61
0 0 0 62
63 64 65 66 51
0 0 0 67
59 68 69
0 0
0 9 70
71 72 73
34 74 75 9 0 0 0 15 71 0
76 15 0 77 0 55 56
53 34 75 9
78 79
1 80 0 9
81 73
73 82 83
0 56
84 0 54
76 76 54
85 86
87 34
0 88 89
90 34 91 90 75
92 93 0 94
95 96
0 97 98 34 6 99 100
101 0 9 6 0 0
102 0 0
103 71 93 0 0
0 71 0 94
0 0 6 59 0 0
104 0 105
85 106 107
0 108 109 110 0
71 105 0 111 112
92 24 64 0
59 113 114 0 54
92 115 116
0 0 117 0 59 118 119
0 0 0 0
103 120 75 58 9
121 122 16 53 36
123 101 124 125 118 126 105
0 127 0 0 105
128 129 130 131 132 34
5 0 105 133 134 34
0 105 0 59 135
130 136 131 118 0
77 34
130 132
116 0 0 137 138 9
7 139 140 1 5 141
0 0 142
71 143 144 145 146 147 148
105 0
76 149 0 105
0 148 148 147 148
150 36
118 0 59 151
90 34 118 0 0
115 0 89 118 101 152
85 0 143
0 0 153 154
0 0 59 0 155
127 156 133
0 9
27 28 157 0 9 6
0 158 0 0 159 6
0 0 160 0 9
0 161 162
92 0 163 164 118 165
166 59 0 6 120
0 0 0
167 168 0 0
71 169 170 171 172 101 0
85 118 0 59 0 0
173 61 0 174 9 0
0 59 0 116 175
176 116 177 59 92 178 177
173 179 180 181 0
173 182 0 183 0 0
59 173 184 0 0
0 185 186 0 187
118 188 0 0 9 64
0 0 189 0
0 143 190 0 56
76 58
85 191 0 192 58
111 193 118 113 0
7 127 0 0 27 28
194 6 0 0 195
59 196 0 157 197
5 2 198 198 6 101 199
0 200 177 71 201 202 0
0 203 204 205 9
206 0 0 207
208 7 209 6 0 9
59 0 202 0 0
0 210 211 0 9 127
59 212 0 213 105
214 215 5 71 201 216 0
59 0 217 218 0
219 213 0 85 0
194 220 0 59 0
0 0 221 0 222
0 0 9 0 0
203 0 223 0
168 0 224 0 9 212 15
225 84 0 0 226
59 185 227 0 228 0
0 0 229 9 230
231 0 232 0 0
59 0 233 234 116 235 236 9
0 0 0 237 9 0
85 0 238 239 0 111
120 240 241 94
242 243 5 244 59 7 8 9
182 0 233 6 0 133
245 46 89 105 238 246 247 0
0 0 248 61 249
117 250 177 106 0 251 252
59 0 248 0 0
59 253 254 221 0
0 255 256 257 258 259 260 9
0 261 262 59 263 0
264 0 0 0
265 266 0 190 7 0
228 0 9 267 268
0 269 241 270 0 9
271 0 272 9 0 9
0 256 273 9 238 76 125 118 126
274 36
275 101 0 276 0 9
277 0 278 0 279 131 280
0 129 59 281 282 58
283 131 284 118 101 285
228 286 171 287 71 288
289 0 290 0
291 0 0 292 0
0 0 142 59 293 0 0 294
0 71 295 296 253 297 298 0
296 75 275 6 101 299
76 0 0 0
0 71 0
300 301 150 36
0 82 6 71 0
0 0 302 244 0
0 59 0 6 0 89
303 6 304 298
59 304 190
305 26 0 0 306 307
308 309 310 311 312 0
0 0 313 0 178 314
59 121 190 0 315 279
316 279 0 279 0 9
71 276 0 0
317 59 0 294 101 0
59 118 101 0 0
318 304 312 298 59 319 0
0 320 222 321 261 0
0 253 322 0
92 0 323 59 0
324 0 314 177 325 0 0 15
0 116 302 59 326 0 327
0 328 329 330 314 0
0 331 234 59 0
0 9 59 106 332 238 333
0 0 50 0 0
334 335 158 322 336 101 0
0 337 2 338 177 112
92 116 0 0
219 303 113 339 314
340 0 0 61 235
59 0 341 342
0 343 59 344 6 345
92 0 101 346 0
150 15
44 46 24
47 0
53 0 347 2 12 348
349 350 351 14 9
352 353 0 2
221 101 0 354 244 0 0
59 355 0 105 0
101 356 205 0 16 357 0
0 59 0 358 200 0
167 69 359 301 0 360
5 361 0 59 0
362 0 9 71 7 363
8 364 9 0 365
0 9 366 101 0
0 16 247 59 0 16 247 41
367 0 0 0
368 369 368 370 9 0 269 371 0 0 0 9
0 74 101 0 59 0
0 0 372
118 373 0 0
374 0 101 0 194
291 0 353 0
375 376 377 0 9 101 0
59 0 6 101 378 6 0 379
0 6 380 0
353 0 7 210 207
0 232 0 218 177 0 101 381 177 0
104 0 382 118 0
0 58 383 0
384 385 0 118 221 101 0
27 28 194 386 0
313 264 59 387 0
340 0 0 45 41 0 0
101 0 6 210 388 389 390
325 0 0 0 0
0 9 174 9 0 391
77 349 350 9 28 0
0 0 118 0 0
0 0 89 0
0 0 101 392 73
0 0 0 59 41 177 0 5
393 0 394 101 0
101 0 73 395 0
150 349 350 9
85 76 396 288 397 398 143
0 101 0 399 143 348
1 0 400 131 0
0 283 71 0 80
85 143 285 401
71 402 0 291 133
16 403 0 133 404 246 9
59 0 0 133 405 406
71 1 407 0 9 408
61 0 0 296 396
118 143 0
409 410
411 0 276 101 412
393 413 0 101 414
415 416 417 0
167 248 0 360 404 9
418 0 393 101 419
59 0 246 69 9 0
59 232 420 0 6 77 12
421 422 0 0 410
0 6 59 0
71 423 114 0 420 424
101 382 59 0 0 9 283
71 425 0 150 6 101 426 9
85 62 386 0 401
62 0 129 59 222 0
427 428 0 291 0 2 0 429 430 9
431 0 190 59 432 0
173 92 0 433 261 0
434 0 0 0
71 291 0 410
0 433 0 2 91
59 0 11 435 0
436 408 74 437 0
313 438 439 313 440 373
313 101 0 441 442 177
0 0 177 59 443 444
445 425 446
85 446 190 101 0
71 173 0 173 313 0
0 57 425 0 58
0 0 447
0 0 89 38 91 434
447 448 205 433 261
0 279 0 0
0 0 0 279
0 449 450 451 450 0 362
167 58 447 452 0 189
394 453 189 0 454 131
167 131 0 59 0 455 190
59 190 456 59 0 89 0 457 425
458 0 59 0 459
460 448 283 0 2
167 7 460 461 0
59 462 0 300 35 0
71 448 463 227 464 205
0 0 465 222 466
167 0 368 467 0
71 0 0 89
468 469 82 470 157
101 159 471 0 0 0
0 0 59 0 0
0 373 0 0
131 0 89 0 0 244
71 173 0 0
0 472 473 470 295 190
0 295 190 474 295 190
0 172 190 0 0
313 475 476 59 477 437 478
479 9 115 437 313 253 0
0 480 370 481 0
482 59 393 35 58 101 0
77 483 484 0 478 129
432 485 429 0 35
393 0 486 9 58
85 487 488 0
167 489 0 490 491
103 0 103
0 0 0 0
0 0 0 492
0 463 0 493
487 494 0 2
495 0 129 496
497 59 0 6 0
85 417 0 0
313 101 498 37 499 500
0 2 0
204 501 6 380 0 69
0 8 502 131 0
500 0 101 0 0
59 0 5 101 0 256
59 0 0 503 504 0
150 2 505 207
506 507 508 509 509 509
276 0 190 59 116 0 89 510
291 0 221 0 82
101 511 89 0 204 0
512 512 506 380 0 0
513 59 0 484 0 177
473 327 514 89 0 190
515 0 0 118 190 0
0 89 59 0 0
104 170 114 145 24 516 89 437 6
434 0 0 517 9
518 7 5 8 5 0
71 519 89 6 59 520 6 7 0
521 7 522 38 523
0 256 524 101 525 526 356 6
527 0 6 528 495
92 7 515 0 0
167 529 16 516 89 0
530 0 0 190 0
506 531 516 532 0 0
533 437 0 0 534
0 501 313 0 276 276 71 530 448 0
535 222 536 537 0 6 222 536 538 276 539 540 35 0 6
71 541 5 520 542 0 9
465 16 516 506 0 543
0 544 545 0 0 512 0 387
546 15 186 547 548 0
0 59 0 373
167 404 549 532 0 550
53 34 54 75 9
90 425 74
366 0
34 85 0 9
0 425 91 59 313 0 0
551 129 17 0 552 0
173 553 0 34
75 129 133
425 74 366 0 9 90 17 554
238 76 86 173 553 555
0 0 425 91
506 0 556 9 16 0
71 154 59 0 0
0 0 0
0 504 173 557 129
0 101 0 0
425 408 558 0 0
488 559 0 482
506 495 560 0 561
85 0 0 410 0
562 562 134 0
0 558 0 563 564 0
565 0 566 0
71 373 0 563 265 567
568 101 569 34 506 533 533 570
506 360 0 567 34
571 96 85 5 572 0
573 6 145 59 574 177 575
71 568 6 576 41 0
425 115 116 570
56 0
5 408
5 35 384
0 106 101 577 59 483 578
0 24 579 118 168 393
153 172 580
0 145
333 581 0 24 579 554
75 268 54 9 59 176
24 116 64 122 0 9 0
0 451 408 74 576 582
403 323 583 0 0 6
59 421 15 0 6 0 0
59 467 0 584 165 0
0 585 0 0 6
59 0 0 0 167 176
0 15 71 0 0 0
71 586 59 587 59 340 0
380 373 323 0 15 0
59 92 116 588 0 15
0 59 589 373 0
590 0 0 59 0
0 415 0 0
0 0 59 6 408 244 537
591 592 538
238 344 170
410 49 593 515 336
59 340 0
425 0
167 0 291 594 85 571 214
595 0 0 239 71 303
167 176 0 297 298
59 0 149 596 6 0 318
0 597 0 425 0
598 59 373 0 101 0 0
0 101 599
72 72 600 238 380 601 153
8 64 0
602 603 337 445
583 158 133
602 603 337 583 425
0 604
602 603 337 323 425
71 0
0 0 0
605 543
606 0 537
425 190 270 538
0 0
313 0
59 0 607 0
394 0
515 0 89
0 71 0
239 239 0 515 0 608
421 609 0 131 515 610
603 602 337 611 611
612 0
59 613 614
615 614 616 0
261 190 59 617 0 618 619
92 116 0 214 0
533 74 620 435 9 621 6
71 0 9 622 59 0
0 9 71 0 340 623
0 343 153 172 0
531 8 71 221 190 0
0 586 276 624 373 41 131
71 0 0 238 0 0
625 0 626 73
531 122 0 0
425 0 59 0
57 0 0 9
150 2 505 207
583 158 533 36
627 131 415 170 0 118 101 0
276 0 116 0 0 69
313 454 0 0 0 295
105 0 0 9 628
44 46 221
12 629 515
53 348 630 9
85 0 0 631 71 73
363 632 248 633
59 0 317 184 71 0
59 0 634
2 0 116 0
0 0 9 89 190 101 635
0 386 636 190 0 238 637
638 238 0 639 163 59 640 163
238 276 300 177
0 89
101 635
0 0 0 641
59 0 403 167 0 642 638
0 9 0 314 9 643 207
644 403 8 214 0
59 0 83 118 101 0
645 0 9 167 0
0 0 9 0
71 646 0 6
454 116 0 647 0 6
0 59 648 228 649 0
61 323 71 649 0 0 650
0 9 403 0 651 6
85 393 556 337 0 652
71 653 654 655 89 0
656 657 9 16 454 59 101 0
71 658 659 59 290 653 660
0 1 661 0 662
59 0 0 0
0 291 6 0 663
291 0 0 0
394 340 0 0
0 0 59 664 630
664 0 59 0
665 71 0 0
666 667 0 668 9 669
0 670 0 0 89 101 0
71 0 0 0 0
71 0 9 204 0 671
293 0 0 0 0
59 672 368 386 0 0 9
168 673 674 0 71 664
0 0 0
0 368 386 221 0 9 373
675 91 0 0
59 69 0 167 353 91
0 538 0 676 677 0
456 677 678 0 0
0 0 9 0 9 26 15
59 0 0
85 0
0 238 76 118 55 533
53 12
102 0 102 71 0
102 0 71 0 373
348 221 0 77 679 679 104
0 0 59 129 0
76 281 680
348 681 682 683
59 684 0 538
0 685 0 686
59 687 0 686 131
71 379 0 9 0
238 11 0 204 0 9
11 177 688 0 689 222 9
71 690 0 691 692
167 0 0 0 582
0 0 693 0
0 664 0
0 0 0
694 695 177 238 394 454 696
0 0 0 697 131 0 0 394 0 0
0 0 167 0 105
0 105 167 0 0 0
293 381 433 698 59 0 697
0 248 656 454 699 9
0 0 279 0 0
293 276 300 700 0 0 42
0 71 701 0
702 16 463 393 0
116 0 178 133 71 255 9 703
454 704 0 0
73 59 393 705 0 0
0 101 426
0 62
71 504 0 0 66
73 630 0 706
707 708 0
59 360 0 0 129
0 143 709 6 630
425 2 0 582 710
711 190 0
208 293 393 0 608 712
92 0 380 0
59 713 0 0 62
59 340 0 85 714 114 59 452 190 101 0 0 71 0 0
59 0 715 0 716
81 717 143 0
718 58 415 101 0 410
293 719 537 710
0 652 527 720 721 722
221 114 0 0
59 0 0 152
425 143 0 118 101 723
473 0 354 129 101 635
724 0 0
0 0 0
59 725 0 726 0
727 0 71 728 0
0 58 101 729
238 425 91
0 652 730 731 59 429 584
504 732 584 89 190 527 504
59 733 0 59 0
676 74 0 734 207 594
445 0 735 0 105
0 0 0 547 382
0 734 0 0 101 736
737 0 537 190 0 538
59 737 24 480 0
0 9 0 105 0
71 204 0 190 0 39
101 738 0 739 740
293 0 59 0 89 741
0 742 730 101 743 425 2
0 89 0 118 744 6
59 139 745 0 313 536 537
0 0 536 538 168 0
630 746 0 0 105
0 747 0 0
167 748 283 749 0 89
59 0 15 750 751 752
0 753 9 754 755 0
425 219 278 756 279 0
16 0 757 0 473
92 0 727 101 0
758 0 759
0 410
150 15
44 46 277
53 2 34 75 9
0 0 760 0 67
0 760 166 59 761 0
118 170 122 762
221 170 64 133
434 118 0 0
133 0 71 139 314
276 170 222 446
763 764 765 59 766 767
143 764 767 425
8 0 59 0 59 0 5
0 0 768 0 0
198 0 0 9
59 248 502 769 0 6
770 0 542 0 771 0 9
772 773
772 190 145
85 365 774 58 380 775 0
0 167 776 0
71 0 0 0
59 772 0 394 0
633 628 9 777 0
59 0 0 0 41 101 778
595 0 779 0
0 0 780 59 535 0
293 101 0 0 0 91
0 309 0 0
0 0 0 9 105
105 781 9 782 85 293 783 170 337
657 0 0 784 15 214 0 0 0 0 454
214 310 785 131 59 0
0 242 110 9 0 190
291 214 0 786 0
190 0 16 772 0
16 787 788 89 0 4
789 0 291 0 790
85 520 252 786 0 9
0 177 59 0 616 15
0 9 41 131 71 0
4 0 791 0
0 89 787 0 204 0
0 0 548 77 425 55
53 36
0 0 59 792 294
314 91 793 306 0 793
676 281 794 214 795
0 794 0
0 291 0 116 177
0 0 0
796 2 797 798 5
0 533 395 799
0 276 0 101 800
296 89 173 801 0
0 415 745 802 803
59 0 804 59 173 0
0 805 0 0 806
807 0 0
384 373 0 0 323 0
0 89 0 59 0 808
0 116 0 145
0 809 810 811 404 0
59 0 0 0
0 0 173 118 143 0
2 0 405 812 36
76 813 0 682 812
208 0
814 815 0
0 0 584
167 0
57 425 0
384 380 0 71 6 816
57 425
173 0 143 0 145
380 0 234 537 817 234 538
59 818 568 0 36
0 314 177 0 816
238 425 819 0 101 0
291 0 819 0 820 0
59 0 0 0
515 0 59 0 0 821
515 0 9 314 59 0 822
214 288 661 659 823 0
0 0 373 824
246 825 0 0 0
0 89 448 826 233 41 827 537 0 828 0
59 829 830 190 313 101 0
0 89 6 504 66 831
515 0
422 832 833
0 515 494
253 834
59 508 0 177 0
118 105 835 537 566 641 835 538
0 17 422 832 833
473 0 836 0 454
0 504 314 66 0
150 36 2 9
0 6 837 0 0
838 839 235 6 0
395 816 840 255 143
527 118 1 375 0 131
290 841 323 842 241
57 76 843
150 15
44 46 22
49 844 41
274 2 36 9
344 0 799 0
276 0 845 0
59 0 59 846 0
506 0 314
57 0 238 847 0
0 59 0
296 0
848 849 9 0
408 36 58
92 116 0 0
0 0 850 59 176 322
0 0 0 0 851 177 0
92 817 265 0
59 105 0 85 0 0
580 325 852 71 44 638 192
59 458 0 44 0 89
214 853 0 854 131
71 0 0 190 44 726 0
0 0 59 0 855
59 0 856 0 177 0
857 0 244 105 590 0 190
167 260 89 616 0 850 0
0 858 473 858
176 222 131 408 0 512
71 0 0 0
859 0 848 758
749 860 313 861 862
167 860 162 0 59 749
395 634 71 0 741 863 279
0 0 864
0 0
214 0 327 865 9 0
71 283 0 0 2
0 0 866
0 867 325 475 59 1 0
0 0 802 0
394 0 82 74 847 868
408 0 118 158 35 0
415 0
0 289 0 539
445 560 869 59 859 870
871 118 0 0 15
101 0 0 0
0 872 0 59 0 873
71 0 6 530 0 246
0 872 670 0
791 874 368 145 2 422 875
59 313 0 0 0
71 876 734 0 0 190
238 118 877 875 59 0 131
91 537 0 878 91 0 145
879 568 0 870 880 881
0 882 883 884 9
85 71 74 0 0 9 0
71 0 204 65 101 885 59 276
886 0
512 312 0 168 887
92 888 0 889
313 0 890 515 866
92 0 187 122
0 431 0 891
59 0 0 0 0
0 892 0 893
0 0 894 0 0 0
276 403 0 403 0 9
0 105 546 895 896 156
0 59 0 0 260 897
59 354 0 244 0 0
276 168 101 382 190 0 9 898
59 0 508 899 0 0
59 0 0 900 901 0
71 422 874 597 9 902 9
0 353 405 59 0 177
0 0
903 0 59 904 253 291 71
321 261 0 300 0 905
530 59 0 177 0
276 0 566 0
512 504 512 35 0
71 114 0 0 0
59 906 89 907 908 5 65
417 101 800 167 283 909
493 0 129 0 458
59 0 659 6 0
566 0 910 0
59 0 0 0 9 512
103 0 276 911 322
101 159 867 912 59 913 914 0 190
73 915 915 915 0
676 916 273 512 143 41
622 0 9 76 917 917
0 59 395 0
0 918 0 919
36 0 0 0
0 0 384 919 445
360 0 618 920 116 177
0 0 675 177 837 177
921 207 7 0 450 922
0 386 208 246 0
0 9 923 283 0
515 245 861 0 146
670 548
907 907 0 0 907
344 0 847 0
0 59 0 9 907 861
417 0 118 101 0 373
755 0 118 924 0
143 709 6 0 915 0
0 301
925 926 927 410 410
927 425 2
927 0 520
85 71 928
927 504 504 504 410
0 0 20
53 34 75 9
425 929 143
398 143 0
85 930 398
71 190 0
398 0 129
931 932 933
932 263 425
0 143 85 190 0 404 131
238 398 0 133
925 926 0
417 442 16 907 934 537
1 41 177 934 538 59 85 871 6
935 0 0 936 0
291 314 410
445 937 0
71 0 16 726 41 0 9
0 59 0 101 0
283 666 9 0 177 133
938 177 0 131 0 9 71 333 641 0 118 0
939 89 59 940 0 425 74
0 105 941 11 941
445 0
434 0 425
942 34 0 622 10
394 0 329 575 0 0 0 0
238 143 0 515 0 221 101 0 71 0
59 276 290 943 0 283 85 0
82 128 9 551 9 944
380 16 0 89 758
283 143
0 8 945
568 0
925 926 946 425
947 9
568 0 425
568 0 9
948 101 949
0 425
434 434 167 948 0
950 947
473 951 504 0 515 793
79 504 952 953 763 0
143 0 101 0
568 114 177 945 954
948 101 949
950 947
384 0 0 0 71 814 0
17 103 955
59 948 0 0
77 948 0
568 114 177 0 954
950 77 0 947
711 0 168 438 0 0
0 0 814 0 79
527 473 391 373
71 391 549
59 0 0 956 0
316 324 9 0 700 34
59 538 957 89 0 9 0
85 504
958 0 59 204 321 261 0
0 450 0 0
739 394 810 959 960 214 101 0 92 0 0 144
77 568 961 0 568 595 0
568 0 962 131 0 9 145 71 568 963 85 0 0 0 0 279
0 97 279 0 852 71 101 964 0 279
59 568 0 0 0
85 0 0 568 101 0
59 0 0 395 949
71 423 0 59 0
290 0 321 0 0
950 947
965 965 314 0
734 15
71 966
626 59 0 0
0 59 0 2 374
290 568 325 414 0 967 0 9
57 0 968 656 772 0
59 333 969 131 0 0 291
0 850 506 0 241 970
506 173 0 0 145
57 504 968
150 15
44 45 24
44 46 16
12 629 515
53 12 971 9
77 340 0 972 9 973
946 425
971 91 0 283 0
384 26 6 974 101 975 0
425 101 976
711 711 977
411 1 56 978
101 0 975 384 0 15
56 15 384 979 15 0 0 143
56 980 384 981 292 492 982
421 101 0 0 0
0 278 373 234 0 190 0 0 83
0 515 101 983 177
0 0 538 9 89 346
167 6 0 0 971
0 425
0 0 984 325 420
963 454 0 985 71 0
986 481 0 118 0
0 847 987 0 167 527
568 0 0 105
175 134 221 0 988 220
989 0 0 440 990
71 0 991 59 0 177
17 0 0
214 0 425
445 214 0 0 0 0
85 214 0 0 0 9
167 425 239 541 6 992 993
527 434 0 875 0
0 0 6 0
645 0 568 190 994
0 0 0 995
221 283 0 0 0
0 89 71 101 0 41
0 59 279 89 996 16 246
997 0 221 0 377
59 700 177 0 6
946 167 410 173 175 0 0
425 445
346 998
17 999 976
59 0 1000 1001 101 332
492 0 0
59 0 9 1002 397 190 1003 0
71 977
0 491 1004 226 0
571 101 1005 454 0
0 71 17 1006 1007
0 101 0 953
0 1008 1009 1010 1011 1009
0 61 9 772 0 9 0
707 425
85 17 1012 1013 384 1013 506 143 1014 527 131 1014 344 580 101 1015
1016 101 0 1008 41 1009 9 1010 1011 9
1016 101 0 445
71 393 0 963 1017 386 346
115 570 291 0 570
291 176 131 291 529 1018
59 1019 1020 6 291 0 1020
59 1021 373 491 0 15
291 0 0 106 0
291 0 1022 0 0
291 214 567 383 1023 0
71 0 101 1024 1023 0 388 0
85 0
1025 0 0 1026 0 987
59 808 0 1027 59 0 0
0 0 0
0 9 1028 705 9
0 0 0 9
59 0 1029 0 9 129 0
0 133
445 425
72 73
707 425
384 26 6 101 1030 9 129
59 1031 1032 101 0
707 425
150 971
53 630
90 630 0 143
512 0 410 410
527 0 0 143
0 0 0
0 425 2 59 0 0
0 0 6 1033 0
0 105 59 1034 0 244
0 244 6 0 0 1035
0 0 0 543
171 1036 795 6 0
0 0
101 723 425
167 101 0
85 143 1037
591 0 59 0 101 0
0 323 0 0 0 0
1001 1038 176 0 0
190 0 480 1039 611 608
0 0 0
59 165 0 606 1001 0
0 6 0 59 229 0
71 1040 0 59 206 0
418 0 0
0 606 0 0 1041
435 0 6 515 1042 0
59 1042 0 313 0 0
1043 504 5 0 939 0
1044 59 0 1045 0 741
59 0 1046 0 873 1047
153 775 537 293 368 731 41
177 1047 538 393 1048
85 415 0
434 425 91 167 0 0
0 0 0
313 101 1049
840 118 0
0 6 0
59 1050 1051 393 0 89
59 739 129 0 101 1052
238 527 0 1053 454
313 1054 0 59 0
313 1054 0 504 5 0
398 0 0 0
1055 1056 1057 537 5 270 1057 538 398 1058
150 15
44 46 24
1059 515
53 5 37 1060 1061 1062 9
72 1060 72 1061 90
0 0 380 399 9 283
0 71 0 0 0
0 2 0 398 0
0 0 0 657 0
118 0 910 1063 9
0 727 101 0 301
143 232 802 9 101 0
71 144 343 92 0 386
0 144 6 9 204 0
0 9 0 59 0
71 106 103 0 0
214 6 0 0 0 6
6 0 582 221 290 0
214 101 0 0 101 632 967
59 1064 0 290 214 190 0
1065 293 0 6 17 91
59 0 81 910 1066 537
442 24 1067 910 1066 538
1068 59 1069 373 0
0 59 0 101 0
59 106 103 0 71 0
5 0 1070 1071 0
113 1072 0 0
283 382 0 0
167 204 0
59 144 0 0 0
0 71 118 0
0 0 283 1073 177
1074 0
1060 1061 9 74 1075
1061 1060 9 74 1075
59 1076 276 0 430
343 504 77 0 20 538
59 2 1077 0 1078
0 59 0 0 2
59 340 0 373
101 511 241
150 0 1061 1062 131 9
53 12
0 0 31 410
59 1079 0
313 398 91 35 722
133 425 74
85 1006 0 380 0 1080
71 380 702 407 1081 9
463 0 59 173 0 2
290 101 0 0 71 0
0 7 0 360
921 0 118 101 0
0 0 908 0
0 0 101 426 931
423 0 0 1082 1083
71 647 0 129 103 1078
150 12
1084 0 1085 237 9 177
0 6 101 0 347 741
16 89 233 1086 63 101 0
1087 232 59 0 0
274 12 980 349 350 9
0 798 9 90 11 91
77 349 143 0 27 353
0 9 59 0 0
0 71 389 194
276 101 0 515 31 1088 28
160 1089 1090 415 101 885 6
167 0 0 1090 15
101 0 28 59 1091 0
0 0 0 6
71 0 194 307 1092
168 373 1093 1094 41 6 0 28
59 568 0 101 0 0
101 0 6 71 0 28 1095
160 1089 0 0
118 340 0 0 28 59 84
0 0 0 0 1096 9
0 1097 747 1098 1099 337 407 1100 1096
0 0 0 230
276 101 412 1101 0 190
59 0 1039 463 1102 0
0 9
85 0 114
361 632 0 1103 0
999 276 0 59 0 9
238 531 144 372 0
0 1104 0 176 116
711 0
150 349 350 9
283 0
5 37 337 143 0 0
143 190 0 1105 178 190 0
173 116 0 59 173 222 190 0
1106 0 71 178 116 9 222 9
177 0 89 85 0 0
651 924 1107 59 1029 961 0 9
651 924 0 71 118 168 580
0 0 85 939 6 101 0 89
0 325 0 71 939 1108
167 0 1109
0 0
59 0 0
0 1110
568 726 0 85 1111 1044 1028
0 1112 190 59 0 452
920 0 167 190 0 301
726 0 939 6 101 0
59 873 0 143 118 101 0
85 0 0 0 118 958 0
0 1113 0 0 131
71 1114 373 59 0 373 0
39 1115 1115 0
59 204 1116 6 59 715 0
1098 712 6 0 0
0 1117 1080 630 0
839 1118 1119 1118 1119 0 238 276
0 0
0 1040 0 0 1120
1121 935 0
425 429 106 1122 1103 323 0 1123
0 933 101 0
923 1124 101 0
987 1025 394 101 0
741 58 568 101 743
0 1125 726 0 0 0
177 0 0 167 1126 0
731 537 0 0 0 731 1127 85 0
0 101 635 73 0 313 1126 1063
0 89 0 1128
1116 380 1098 159 492
59 340 1129 2 0
222 1130 9 814 9 177 0 9
167 6 0 2 384 101 1131
85 56 58 101 1132
988 74 988 552 9
0 998 238 143 0 425
596 0 1133 541 101 0
0 101 0 0 716 81 0 143 1134 5
0 74 9 0 0
450 0 435 0
1135 0 450 373 612
0 0 143 1134
434 395 0 716 338
0 1042 2 1136
0 59 0 0 2
101 0 0 751 0
872 0 59 0 301
0 705 0 71 168 1093
219 0 0 6
0 276 0 276 0
276 1137 340 176 0 177
118 939 118 0 873 118 0
0 0 6 101 152
239 239
425 176 131 0 373 0
0 0 0 190 325 0
1018 723
0 776
606 0 9 159 0 1138 0 145
0 967 71 344 1139 1025
276 101 1140 0 0 9
85 384 0
92 277 122
103 1141 0 0 101 1142
71 515 716 0
59 92 0 1143
384 1144 101 134 6 0
59 6 522 0 873
71 61 0 0 0 0 9
0 145
85 0 0
53 2 0
125 118 55 1145 1146 59 1123
1147 425 395 1147 24
395 0 504 0 425
150 5 37 14 9
929 143 410
0 410
0 1148 0 190 0
434 410
71 0 0
0 410
1149 1150 0 1151 16 0
598 410
0 535 904 0 1152 166 0 0
0 0 0 39 1153
445 410
259 231 541 53 6 101 800 0 354
0 167 0 0 11 0 824
431 951 145 716 1154 133 238
0 1148 58 101 0 300 0 873 238
1155 9 58 313 0 0 0 6 0 1156 143 0 410
726 726 726
143 1157 410
0 0 56
167 398 143 1157 726 410
768 1099 810 990 0 1095 0 619 0 0 369
0 59 1158 1159 1160 0 0 0 246 59
1161 0 497 0 1162 177 167 0 1130 768
0 0 0 0 386 0 0
0 1163 865
431 0 167 0 1164
0 410
85 1164 190 0 431 293 0 1165
733 724 891 0 1166 1167 0 0
0 0 59 1144 6 630 9 276 101
0 288 0 410 429
422 0 129 58 369 1168 1169 0 58 369
538 16 89 41 0 1170 817 89 817 89 817
53 1060 1061 9
288 0
468 1095 513
2 74 0 515 1171
1172 0 520 17
150 12
410 74
410 141
966 572 0 143 1061 1060
9 90
115 202 844 1173 0 368 1174 190
290 0 89 642 290 0 1175 698 241
0 829 0 133 9
71 1176 698 1177 0 279 0
106 0 89 0
0 104 598 1178 6 398 397
1179 114 89 0 809
170 0 167 0 0 0 0 143
845 241 103 1180 0
803 190 0
71 190 9 0
803 0 0 617 745 0 0 9
0 9 978 1 620 537 1106 620 538
101 0
71 190 0 803 0 0 59 0 373 238
91 291 620 101 1181 0 89 575 803 1140
85 1182 101 0 803 1183 0 0
512 0 9 636 0 0 568
0 0 101 0 167 0 0 111
276 1182 101 0 1184 1185 190 655
1184 89 190 9 111 177 1185
452 0 59 0 0 1184 1184 89 190 101 1186
71 403 190 0 59 810 1184 89 15 0
0 0 9 0 0 527
473 57 559 0 0 0
167 625 144 293 7 101 0 118 0 173
557 144
0 41 0
0 1187 0 0 167 372 59
0 1188 0 103 1189 0 0
144 0 504 504 1190 504 504 57 148
143 0 0
1191 238 0 1189 1192 131 101 0
0 0 0 0 1130 1192 5 37 9
91 101 346
173 17
0 238 648 1193 83 0 1193 0
341 0 0 0 177 1086 9
0 0 0 1190 59 0 1189
0 133
0 1055 143 0
431 71 57 0 0 71 0
410 0 0
0 101 0 59 0 0 173
1192 101 0 58 92 0 541 0 0
233 0 9 0 0 59 809
0 9 1194 1195 0 0
0 1181 0 0 0 0 0
138 1030 85 0 593 1196 1197 933 912 104 380 846 0 0 244 85 0 638
6 0 1198 0 310 0
0 59 0 406 59 1151 0 0 244 0
676 0 244 1199 0 0 0 0
1200 238 380 0 179 0 1201 0
809 0 988 0 9 167 0 958 0
410 708 0 837 1202
173 1203 517 0 0
0 988 71 23 1204 750
0 0 15 1205 103 0 85 103
0 55 15
204 1206 1207 6 0 58 1208 71 554 1209
1210 9 695 304 1211 0 1212 924 323
0 0 0 313 0 0
1213 1125 962 0 1214 291 6 0 105
1065 0 143
0 1056 0 313 0 7 439
1105 118 0 0 0 0
0 9
0 0 0 397
7 8 9 0 281 0 118 0
384 170 0
434 186 643 406 0 0 167 0 0
671 0 501 0 763 1215 15 1216
9 1217 0 118 0 59 0 0
0 0 997 537 1209 997 538 59 0 1209
85 464 0 0 56 1218 56 0 0
0 185 286 0 1219 1095 1220 0
170 153 958 383 0 15 0
0 1219 1095 1221 0
512 293 1091 24 0 0 23 101
0 1222 185 0 92 1223 44
1097 313 0 0 177 1224 1219 0 0
0 9 0 1219 9
506 0 0 24
73 0 226
85 445 145 0 0 9 1225 9
325 0 5 6 0 59 118 1226 1024
1227 0 0 609 1009 1228 0 7 6
0 0 615 533 530 114
446 537 0 446 1127 373 0 0
763 23 1229 1230
1206 23
204 557 1231 0 692 0 0 1232
74 356 205 772 9 0 623 291 0
0 0 1233 537 81 1234 1233 538 204
1231 167 0 0 9 1235 373
373 143 410
0 0 0 1236 0 1237 896
857 9 101 0
53 12
0 0
0 1061 129 9 24 1176 24
0 0 158 221 101 124 0
214 102 190 158 464 0 988 1238 1141 325 191
1206 1219 0 101 0 1030 85 937 0
16 170 0 726
410 398 1239
410 398 1239 58 1240 0 1241
1206 23 410
568 124 0
473 0
59 0 0 23 177
0 638 537 643 177 638 1127 3 1242 44
1243 0 44 959 1242 44 1244 1243 1244
1245 1242 1245 1244 45 0 1125 0
279 1036 501 0 520 0 1036 0 450
0 0 1036 0 501 0
0 291 0 15
1246 80 85 1247 1095
1248 0
1248 143 1249 6
59 340 16 39 89 1136
0 0 6 59 0
431 716 1154
1250 133 1251 0
0 1247 0 71 16 39
0 59 0 1252
434 942
71 164 143
1253 241 376 377
59 170 1254 0
71 340 63 1255 111
393 373 323 381 0 0 0 85 955
53 1219 538
204 103 1231 1256 204 626 103 944
0 626 79 91 85 625 536 7 0
118 0 397 0 620 620 1257 101 0 103
417 793 85 1258 741 9 527 316
0 0 118 0 0 0 146 0
1259 0 0 0 386 506 190 0 1256 204 626 1241 1260 1261 825 112
0 395 924 0 504 0 406 0 504 924
924 143 410 91
7 924 0 167 568 323 1262 0 71
571 89 323 1222 446 650 0 15 0 44
857 0 0 0 320 167 572 44 101
1186 58 650 0 0 9 888 0 0 0
59 756 0 1263 1264 962
0 1265 325 0 59 0 837 987
0 325 0 167 0 325 0
0 888 59 313 0 638 0 16
1266 0 0 1266 0 0 802
1267 101 1194 924 0 0 0
0 71 0 0 85 1268 1268 0 1269 1270 261 1271 942 924 1272 1271 962
64 1269 1270 261 1271
961 0 197 101 0
790 952 0 1273
727 1063 0 0
0 0 118 0 0
523 604 9 0 0
52 0 1274 1275 9
0 0 59 421 0
1276 0 71 0 0
0 329 0 1277
0 0 0 59 0
0 0 1278 225 9
1279 0 543 939
590 1267 0 1095
0 0 0 1271
622 0
71 1280
527 410 0 59 308 0 59 726 0
276 6 1181
40 0 0 682
0 0 0 0
728 190 0 0 101 0
0 1281 0 1267 1271 9
0 216 0 0
0 0 1282 167 1283
0 1284 0 457
0 0 1285 1286 9
0 1287 1288 0
0 956 0 6 101 0 190
0 1289 0 1290
0 1287 71 0 0
0 595 0 0
0 0 1281 1291
1292 0 0 715 9
0 0
167 1141 0 302 0 101 0
256 0 0 526
1293 503 0 9 0
0 238 0 0 276
0 302 958 0
0 9 1294 6 0 0
848 0 0 520
1294 0 779 0
0 238 0 0 1282
0 728
0 89 241 0 0
1295 1296 0 0
0 9 0 676 0
1177 1297 0 0
1298 622
258 924
71 0 0 1299 76 1280 214 118 340 1300 924
959 44 1301 279 958 0 0 1302 0
848 0 1303 0 1303 1302
1304 1118 1304 0 0
0 0 826 0
0 257 1305 0
0 574 0 0
1306 0 0 0
545 725 8 190 899
0 1307 0 0 9
0 0 537 0 59 0
0 0 0 0 89
0 0 0 0
0 0 131 71 0
1308 0 0 241 101
0 0 0 733
845 6 0 1309 1296 1310 0 0 1311
0 0 1209 101 0 6 71 0 0 1312 0
1295 0 1313 0
71 1314 9 1315 1316 59 0
1197 0
85 0 0 822 450 0 607 506
755 72 276 924 323 1317 101 498 410 91
23 1318 0 0 789 824 0 1319
0 1255 0 9 15 0 804 391 1300 537
0 0 1300 538
410 0 189 0
146 17 711 1320 0 9 1321 0
71 325 1322 1318 0 1323 0 9 89 313
1320 0 0
504 600
499 79 271 44 1324
150 12 23 9 610 478
0 11 0 0 0
707 410
271 116 190 1324 0 24 1325 279 0
0 59 0 394 0 133
707 410
711 1017 499 59 0 150 1219
478 966 91 8 116 0 204 557
71 60 61 150 1060 1061 9
118 0
473 1326 1327 1328 9 58
0 101 0 89 16 0 89
0 0 1329 1330 1331
0 133 190 0 613 822
897 543 0 501
1332 1312 0 0
1333 0 105 59 0 170 145
0 89
173 0 0 0 0 6
0 233 0 9 0
621 6 71 143 1314 6 143 5
1219 444 0 544 1334
1335 1336 0 1337 1338
0 0 0 0
295 0 0 435
1290 9 823 0 6
167 58
245 0 1339 89 0 58
1340 0 89 1341 0
0 382 0 0
59 291 0 407 291 0 9
59 1342 0 206 429 9
0 506 1163 0 0 652
136 56 506 0 1343 0 56
0 781 59 523 1270 0 56
506 0 0 56 0 0
0 993 0 9 136 56
527 0 58 0
0 0 0 0
0 0 214 0 190
71 415 256 0 177 0
130 1339 0 0
0 0 907 1344
0 0 0 907
85 535 0 104 0 373
35 0 0 118 864
0 0 356 1345 270 9 177
238 143 0 1346 89 960
0 69 0
59 768 0 1347 960
0 1327
527 104 504 360 847 0
1219 44 0 0 305
0 89 44 0 0
293 0 44 395 71 1348 475
1349 1350 862 368 452 238 1351
403 643 177 0 71 704 0
0 539 1352 533 197
0 0 1353 1331
101 0 59 822 368 1140
0 221 0 541 0
71 677 346 214 795 0
36 0 0 0
643 1249 566 0 59 0
0 301 214 0 1354
6 0 260 355 325 1355 85
0 847 233 1300 537 314 278 1300 538
5 1356 0 1219 44 0
44 45 221
44 46 16
1059 515
53 5 37 12 630 1060 1061 9
59 173 0 26 101 0
1357 101 0 133
118 1111 0 0 265 1358 177
0 6 145
452 1359 6 101 1360
238 0 143 313 101 0 6 425
6 0 0 6 101 345 9
167 0 1361 113 151
873 0 0 293 0
605 0
85 82 74 1362
167 786 0
167 6 0 113 0
1104 131 0 0
1110 44 1219 1205 0
340 0 59 1058 0
0 15 8 116 340 786
15 0 6
164 0 0 0
0 58 0
0 59 782 0
0 17 91 0
59 0 0 6 0
946 425
150 1060 1061 9
76 347 1200 0 9 129
58 89 0 2 118 0
71 541 103 630 1363 6
0 58 232 9 1364 1365
0 472 0
384 1144 101 1366 71 0
59 384 276 26 6 101 0
665 0 1367
291 233 0 1367
630 0 0 290 101 778
0 91 89 0 998
71 657 0 6 0
0 101 1368 59 276 0
410 0
150 37
630 1076
103 1369 425 74 1370
0 136 0 0 0 1085 0
0 0 0 2
146 0 0 0
59 1232 0 566 0 9
293 0 0 325 0
431 506 1371 0 724 1372 145
1373 0 0 0
0 1374 537 1375 1305 1374 538 1341 9
0 1374 537 1028 0
1374 538 473 1376 1377
55 101 0 1370 425 74
150 5 12 9
53 2
1120 291 0 118 1378 0
1379 684 241 997 1380 667 9 0
291 1064 0 1208 0 0
59 359 0 802 1381 1381 89 59 1382 404 0 1383 0 9
1221 1063 0 325 885
597 0 0 0
802 1381 1382 214 378 85 0 114
1384 0 276 143 0
0 1313 0 0
101 0 0 171 0
0 379 171 597 0 190
313 1385 59 0 0 0 0
0 0 1345 0 0 0
0 485 0 0
0 0 992 0
173 189 0 131 16 1386 89 311
715 0 0 6 1376 0 56
0 206 0 0 56
0 666 6 0 0
802 255 0 802 255 0 922 291
568 1387 0 0 0 1388
71 1064 0 0 1300 1168
41 0 0 1300 538
71 1163 1261 101 0 0 1194
59 1389 0 0 620
190 0 301 0 837 514 1158
59 1046 234 0 1390 9 379
0 490 473 630 1200
85 670 1391 0
0 101 0 9
425 91
92 0 384 0 129
1392 0 1393 1393
288 0 872 537 0
92 1394 0 998
0 425 0
434 0
0 0
0 101 0 425 74
105 0 0 741 278 0
71 0 238 118 0 0
71 0 246 1395 1307 1096 981
0 0 0 71 1396 0
0 425
104 104 1397 1153
143 1351 1398 425
1397 280 59 0 71 0 0 929 1200
410 1397 1234 0 368 1200
445 452 204 0 836 1399 101 0 204 1259 657
1400 1401 204 59 1373 861 836 204 101 0 1399
7 0 1402 167 118 190 654 850 0
1149 425 415 101 332 101 1403
0 0 1400 0 753 313 0
1404 568 0
71 0
504 1405 1406 1407 173 0 0
0 74 1115 238 295 0 0 71 1300 568
0 495 0 0 0 0 0 537
537 1408 0 1409 0 537 1127 1408 0
1410 0 537 1127 1408 0 0 537 538 438 256 9
1411 1412 0 0 143 0 907 472 207
0 0 276 1405 1406 1407 344 408
1413 6 410
340 0 0 71 1413 291 388 9 810 1082
506 0 294 74
0 71 560 1096 0 0 1414 1415 1416 9
0 1417 1416 9 0 71 0 101 0
1405 1406 1407 504 915 291 0 71 810 0
1326 836 0 384 101 0 101 982 0 1405
0 168 1407 915
520 1259 6 0
384 0 1375 335 0 101 0 9 443 16 620 0
238 81 41 0 0 59 0 59 0 809 0
0 0 0 0 101 0 0 101 0 1418 0
0 568 560 0 271 0 560 0 207
0 0 89 1419 41 177 368 1405 1406 1407
150 2
473 118 791 246 74 0 71 1420 9
1209 1421 247 9 61 290 0 0 9
6 1422 59 6 0 71 177
6 0 0 177 506 118 0
746 1230 0 0 118 1423
355 59 1112 537 670 177 41 355 538
118 0 0 74 134
771 0 0 0 59 172
368 744 0 0 0
0 1057 1112 171 0 0
0 323 96 59 262 0
274 5 12 9
0 101 0 646
939 101 0 9 1338 0
1289 9 1329 0 131
59 1019 1424 581 1425 368 355
214 1101 0 283 0 6 59 0
101 1052 1101 0 168 0
276 1426 0
0 1427 0 6 71 290
0 854 1428 9 0 1429 9
290 0 837 0 0
313 873 0 100 657 0
421 0 6 76 384 0 129
0 665 0
0 0 236 0 9
85 221 101 154 90 630
143 136 425 2 118 0
278 177 0 490 0 425
167 41 426 9 370 0 423 44
0 101 414 6 208 6 0
1430 0 340 0 0
161 15 101 0 0
841 0 38 71 168 1427
1180 1009 1431 814 1250 0
504 118 395 0
0 454 234 276 1432 101 0
150 15
44 45 221
44 46 24
47 1433
53 2 221 1219 9
1266 0 0 1421 0 1219 446
1130 1434 9 71 0 1435 1436 0 101
569 302 0 405 0 167 177 577
672 0 59 0 0 0
0 1025 0 924 1437 270 1358 0 506
924 0 0 1339 828 924 0 1080 0 1438
1217 1290 89 0 640 44 586 0
278 763 9 89 0 394 566 786 0 1219
71 0 1439 883 6 1440 1168 1439 1440 538
238 0 42 0 184 1441 726 1442
0 59 0 726 0 273 1025 0 59
16 1409 0 1219 283 0 0 59 869
7 8 9 474 0 414 1395
0 414 0 1063 1374 414 384
0 59 384 0 850 0 0 9 186 101
0 463 1249 1219 0 291 0
71 1217 446 0 167 1443 0 89
0 393 16 1443 1444 234 537 1023 0
1445 1444 234 538 506 1141 1215 0 0 59
0 1445 71 512 1446 1447 0
59 1446 0 1009 0 1009 1447 145 0
59 0 59 0 15 179 15 245
0 321 261 1448 0 0
0 0 101 0 0 0 501
85 0 145 59 394 1103 89 0
0 0 85 0 1213 1449 6 89
59 0 1217 920 1449 9 15 167 0 177 44
0 221 0 1450 391 59 0 89
385 0 140 0 77 0
150 23
53 12 1060 1061 9
85 145 17 1451 0 5
37 9 395
0 1219 0 150 12 0 76 0
946 425
150 24
34 76
53 34
103 58 425 0
34 129 74 537 0
454 177 0 74 538
85 425 0 101 738 0
384 101 0 58 224 0 9
0 0 292 688
0 91 0 34
173 0 0 506 656 920 89
0 1265 1421 59 0
0 1035 0 89 0
71 1452 0 101 1453 0
0 0 1080 74
59 0 0 0
0 71 0 0
0 0 0 9
0 59 0 241 373 177
0 0 0 0 454
0 0 1454 574 9
0 1230 582 0 0
0 241 1455 71 241 771
469 0 1456 1457
59 657 731 1327 374 0
71 69 1458 404 0
4 1459 445 71 129 0
238 755 8 116 407 0 1460
533 802 373 706 0 88
482 11 0 1460 101 1204
0 922 458 823 177
127 134 16 924 0
0 0 195 1004
313 644 71 314 861 0
59 0 1276 177 0
0 916 156 89 6 0
59 0 903 1461 0 9
59 423 373 384 1422 101 1366
24 0 0
707 410
44 0 0 0 6
6 0 71 462 177 0
1224 1462 15 291 0 101 0
763 139 1 1230 763 1229 1230 53 5 37
12 630 1060 1061 1445 9
0 1274 0 2
1167 888 70 960 0 0 0 0
857 647 0
1251 0 2 1251 0 1463
0 9 105 1172 85 7 0
1219 129 133
1149 59 0 1219 572 58 325 199
56 722
251 0 960 0 1464 0 0
328 244 6 0 1465 1466 627 328 71 1467
0 0 23
1149 410 0 101 0
504 103 0 0 1043
57 1468 91 515 0 0 0 1469
407 1055 85 527 1030 145
0 1470 1471 101 0
57 410
238 1470 0 0 101 976 89
707 410
630 604 0
0 101 976 101 0
291 0 17
670 0 0 0 379
837 143 17
0 17
56 58
473 1272 0 58 0 0 71
384 958 1472 403 85 0 495 101 1030 167
477 533 170 24 122 89
434 170 277 0 425
0 57 145 241 369 1473 566 1473 0
0 512 352 415 5 59 170 24 516 89 221 6
0 477 1474 214 204 6 0
92 1360 0 325 1453 9 167 527 1475 0
0 71 0 101 917 59 1476 241 1249 6
0 1125 0 1477 963 506 85 506 1476 797 1478
763 0 53 1219 586
53 1207 1479 9 0 101 1480 0
0 0 754 5 0 1411 1089 1481 37
37 0 59 0 0 5 5 1482 59 1438 0
37 0 0 5 101 0 150 37 276 53
988 41 5 1002 1483 59 1484 5 1176 326 1485 59 150
1387 37 352 5 101 0 727 0 274 862
0 538 9 0 0 5 0 1225 37
741 836 101 0 862 0 872 0 37
0 167 276 41 0 6 59 741 0
0 0
63 143 145 425
506 1486 0 0 1056 101 159 190
384 0 1353 239 101 0 0
53 0 514
101 0 0 0 23 177 0
0 0 0 0 0
1149 398 537 0 0 15 0
71 0 0 0 821 991 1108 59 0
1487 1487 1219 0 1488
53 1219 277 272 501
118 108 355 0
0 0
0 0 59 221 0
0 924 773 0 1489 0 773 89
466 425
71 670 485 244
53 1207 1479 9
0 1159 0 0 854 0 9 0
1124 0 0 0 1360 0
0 0 1490 418 0
404 0 404 741 0 943 9 0
0 876 1491 0
293 1490 1124 9 0 0
465 0 167 118 0
92 415 59 368 0 0
590 1492 512 171 1052
85 425 0 58 71 568 0
0 874 988 1493 9
0 670 59 0 269 313 376 24
291 0 101 0 313 1494 24
0 1211 0 9 0
0 390 71 1495 0
167 0 6 71 0
0 506 276 0 374 59 0
0 484 0 739 0
0 59 290 0 568 41 0
568 1496 0 934 1497
0 0 0 71
988 1498 540 89 670 988 478 0
431 262 262
0 670 560 1498 0 0
59 1069 89 0 413
1499 0 0 761 41
118 650 1317 0 101 332
167 0 1500 0 293 0
739 0 528 118 0 184
0 190 0 238 0 330
118 636 386 244 190 0 1196 133
167 1053 875 190 0 0
235 0 0
0 0 0 0
0 0 101 0
0 368 369 368 370 279 828 421 0
0 0 71 0 9 0
0 89 370 0 59 369 0
0 0 71 0 0
863 0 1236 9 241 536
221 847 0 485 1501 241
291 241 1501 0 239
0 234 1502 718 11 836 894
101 0 0 6 0 1465
241 0 485 1067 214 0
313 0 11 0 0 0
131 340 0 276 0 0
167 0 1077 924 0
1503 0 0
313 0 177 0 837 0
167 379 0 0 85 0
988 1498 0 118 101 0
167 441 0 479 9 988 16
0 224 0 0 0
313 422 1504 1505 9 0 0
0 59 0 101 0 0
803 0 0 0 373
1506 59 0 620 369 894 177 0
1306 103 9 0 0 1064 874 0 58 734 1459
118 734 0
0 167 741 118 106 1507
0 1080 0 178 0
71 118 889
0 0 659
1056 0 0 0 1508
425 0 1451
104 177 0 670
167 734 0 6
44 1509 0 1486
434 145 1510 295 89 1510 326 0
1451 797 143
1511 0 85 173 104 1262 381 0
411 0 244 1451 1512 6
0 6 0 276 1362
1513 373 0 238 0 5 314 1514 0 9
0 0 218 0 0 0 727 1515
1004 0 0 53 1516 1516 6
0 6 9
44 0 129 1467 537 0 1219 1467 538
129 0 9 1411 1504 1517 0 9 0
1518 1519 1518
1520 0 0
1521 59 791 278
0 670 0 0 278 0 1522 129
530 1523 1508 0 59 1522 504 848 91
0 313 67 647
837 261 405 406 326 1440 222 0 0
1396 1524 967 222 59 118 0 291 390
64 327 0 0 0
165 0 59 0 566
590 1525 206 0 0 9
0 446 1337 0 9
5 0 326 893
1526 0 0 1273 52 326 0
1512 190 0 1244 44 59 1241 1527 888 754
1264 37 485 212 0 276 0
587 5
143 1528 0 1050
410 368 143
44 0
912 1529
912 912 912
150 177 610 2 34 9
71 0 0 857 145
59 0 1525 298
313 0 1530 313 0 1530
313 782 1400 0
0 0 9 0 0 0
271 0 0 59 155 0 1531 71 0 1532 0 133
1532 1533 129
323 58
1534 868 394 0
520 0 15
518 1072 238 118 6 0
59 118 61 842 0
0 0
711 34 437 314 734 74 537 0 0
1383 19 74 538 1535
0 410
326 1130 0
6 0
527 504 1230 504 765
85 108 0 5
239 71 0 473
504 1230
274 1060 1061 9
17 0
71 1420 924 323 0 9
85 5 340 170 143 145
1536 6 0
214 0 70
434 0 270
0 101 1537 0 0 85 70 0 6
0 0 58 71 239 0 70 464
0 0 105 59 276 1387 0 1063
0 70 0
410 91 0 0 1538 59 590 1539 0
0 132
1540 1541 0 59 0 1542
0 6
434 118 0 101 0 167 0
71 493 0 0 71 0 1001
0 59 0
1543 410
0 0 360 167 0
0 214 0 291 0 521 0
0 238 1544 71 0 984 1541 0
136 0 143 26 2 651 0 59
13 0 0 38 167 118 0 143 778
0 0 296
1536 1357 89 6 0
101 0 1545 521 0 0
985 41 0
410 7 0
118 0 9 1546 225 0 1547
0 143 368 1548 969 0 0
0 0 9
17 0 0
238 0 114 417 0 5 0 1549
445 17 167 0 0 1378 1244
53 765 0 0
85 771 16 1550 238 0 208 0 173
0 0
473 0 214 0 0 9 0 89
101 0 0 0
410 643 1551
643 1551 145
1552 1130 723
0 1130 1553 537 0 1130 1553 538 0 0
1554 692 0 0 323 1555 71 1230 1200
1556 76 0 190 1138
167 0 1230 0 1552 0
71 0 58 1557 771 89 1535 1423
0 0 0 308
1558 1442 58 0 308
1469 0 0 1559 167 190 0
530 58 0 1130 1553 537 771 1560 1130 1553
538 101 152 771 1341 101 1403 0
1558 1442 0 1561 167 0 101 0
53 12 0 17
410 1037 89 37 395
106 1562 576 0 1563
527 1562 1564 190
0 244 101 1140
1565 1521 1249
867 1009 244
867 1564
71 276 495 1566 431 0
0 276 1566
1553 1567 1351 283 1507 966
150 177 610 2
118 170 0 122 118 0 250
118 0 1568 0 0 622
118 0 260 1133 0 59 0
118 101 0 71 1495 178
190 1005 89 495 1569 0
77 69 0 1257 0
568 0 0 1570 1439 314
0 167 0 0
0 459 167 291 1386 0
84 0 89 550 1080 9
0 0 6 167 1251 654
0 1080 77 568 101 0
44 45 221
44 46 221
47 515
53 5 1060 1061 9
135 6 59 380 0 373
221 657 939 0 71 333
276 0 1571 59 1427
0 6 0 449 1101
176 122 177 59 58 0 0
101 0 1572
283 0
183 59 0 0 454 1573
668 0 470 702
59 429 283
313 0 0 246 1210 1259 177 9
754 16 0 89 116 71 0
314 252 0 6 313 101 0
597 537 59 290 0 0 815 1057
423 5 222 208 0 1572
1574 26 0 131 71 0 0
0 1377 244 6 59 1575 309 820
190 0 0 0
0 59 0 1150 1429 116
71 728 0 727 1057 763 980
0 1559 177 0 0 177 9
71 568 208 0 5 118 1576 234
276 0 9 916 59 1577 71 835
1427 168 0 77 0
118 0 1101 0 118 1306 275
238 276 604 691 1074
1484 0 337 0
150 1060 1061 9
53 12
425 1578 1579 955 111 0
276 0 0
6 0 37 59 650 0
59 1198 0 0 15
0 0 1578 89 881
38 0 1274 59 1580 1077
177 0 131 71 915 5 74
1581 65 0 59 0
393 398 177 0
0 1519
150 12
0 0 506 565 639 9
645 478 0 0 190
1534 0 1391 0
1582 0 167 0
0 0 455 0 1259
59 24 0 0 0
283 478 190 1543 421 101 575
0 59 276 24 1583 0
353 0 1160 1344 1584
325 0 9 71 116 133 256 249
0 0 1417 619 883 1547
0 1544 133 276 259 1159
295 0 0 190 133 1585 1136
59 24 283 964 1081 0 177
133 0 0
291 0 0
71 256 0 306 0 301
167 362 1400 0 384 0
0 0 101 0
0 292 537 0 0
59 0 177 0 0
207 0 9 364 9
384 85 221 1348 0 0 131
71 6 0 0 0
293 78 0 0 1345 0
1586 1513 0 167 0
0 291 515 0 291 1410
515 0 0 0 177
59 0 0 0 9 0
325 1253 0 325 1330
255 143 923 143 85 131 0
0 71 0 76 0
177 0 1587 145 167 143 1472
0 473 368 355 473
802 576 69 0 473
818 0 0
0 71 0 1448 0
0 0 76 0
0 0 0 181 560 0
69 0 59 354 641 0
276 0 177
1588 0 59 1481
53 2
118 380 547 283 118 0 6
71 118 0 321 1589 0 6
384 0 0 0
0 1590 197 907
464 41 1350 35 0 0
321 1589 6 0
71 340 0 0 330 848 145
1590 0 1591 0 533
59 0 295 0 0
967 0 59 904 253 291 71
384 6 0 321 261 174 515 0
71 101 0 15 291 41 9 167
1356 143 599 59 384 321 261 0
325 0 71 118 340 1293 373
167 118 848 282 1592
0 0 1592
321 1589 0 0 6 59 0
504 1209 0 283 0 276 0
0 291 1382 0 291 387
1274 1373 0 0
0 0 5 582 0
795 1329 0 1012
59 176 1012 967 395 0
0 316 0 0
71 0 59 0 1329 1593
0 1564 622 0
0 38 0 221 0
0 0 167 1594 101 1450 89
415 0 1435 167 829 1114 246
756 0 246 0 318
44 45 221
44 46 277
37 1579
53 37 12 9
103 276 55 76 6 0
0 0 172
0 59 129 0 9 1458
0 59 0 1210 0
103 0 482 0
340 0 0
927 38 38 38
1006 1595
59 0 0 1462 6
0 1139 12
53 2
85 38 627 143
2 408 0 129
38 0 0 129
504 504 0 0 685 145
506 506 0 0 685 145
85 2 384
530 434 0 410
37 129 1596 0 874
0 0 9 1112
0 0 276 101 1597
107 504 813 0
59 0 0 0
0 663 641 0
512 118 143 0 0
1598 1598 77
927 512 1598
1282 1599 384 0 1565
118 802 6 101 0 1228 1600
1143 829 1601 2
927 527 1602 875 59 802
512 143 1603
0 506 5 1604
382 471 382 0 9 1603
382 828
59 0 0 1605 1269 190
5 1606 59 1607 0 9
5 1606
1402 0
1143 1483 59 12 1181
810 374 810 0 1113 810 73
0 129 101 332 0
0 0 398 1055 0
71 214 1112 118 101 1183 299
832 0 0
107 118 0 0
0 641 1608 621 190
59 0 190 221 101 0 59 0
368 446 749 663 0
295 143 0 1609 301
763 685 157 101 0
5 548
0 59 0 0 101 0 190
987 0 177 101 475 741 369 1514 0
1278 0 0 586 645 1489
560 1610 0 0 734 1292
473 1587 0 0 0
0 1342 59 1148 1103 89
836 9 0 74 0 256 9 0
506 1342 1194 0 9 0 1611
0 0 247 241 0 0
506 0 763 59 0 5 143
103 77 0 0 9 1612
0 24 0 0 0
0 1425 0 77 101 1612
520 369 0 856 1613 59 0
1315 1316 247 792 1309 0
256 0 0 0 0
0 6 59 0 0
573 6 1614 101 0 1615
0 294 1616 1617
0 134 118 1616 1171
0 1607 0 1568
0 0 26 247 1618
0 1200 0 0 0
0 59 515 0
504 247 1618 0
325 1619 929 1238 0
1358 59 0 0 260 1133
59 384 199 246 101 1094 167 0
0 0 173 0 246
0 0 71
0 9 167 0 643
0 0 9 1195
59 131 246 0 9 0 145
71 1237 1620 276 325 0 9
221 0 0 643 177 0
1621 56 0 0 0
0 0 0 247
0 1554 279 24 1336 279
1622 247 1455 279 16 0 279
1622 177 0 46 900 279
173 0 368 1623
0 622 0 1624
0 71 996 368 338
1625 1626 204 59 0 89 507
71 0 0 1627 0
0 0 9 259 0
0 0 89 476 77 2
0 1080 0 155
0 618 0 1611 567
105 0 450 0 291
0 0 0 0 89
0 0 535 0
0 59 0 380 0
0 1388 1162 0 26
299 89 2 1200
862 1628 9
1327 89 6 1629 1596 542
1533 1533 0 0 9 810 1072 6
394 169 0 9 0 752
0 902 0 0
0 190 1630
0 26 89 53 36
918 59 0 0 0
0 0 143 0 425
512 118 939
0 464 0 118 561
133 0 905 362 731 9
409 1539 0 0
0 89 504 296
283 0 0 0
0 89 1581 134
0 0 1631 368 0
0 1329 355 0 403 0
310 837 1277 340 77 132
90 410
473 90 1145
1428 0 89 435 0
59 291 403 616 0 89 123
0 1632 0 458
59 0 174 590 121 0 855
1273 0 0 0
0 59 0 190 1633 492 74
0 59 1634 0 118 0
0 0 0 0
1543 1362
740 740 134 89 619 59 1635
1491 1063 463 1636 9
71 805 0 9 0 77 0 283 1146 0
0 0 368 0
0 300 0 620 268
59 0 260 214 875 0
1637 0 984
291 1563
95 59 700 177 0 567
291 0 9
472 0 89
504 515 134 504 0 150
615 1638 698 158 533
134 118 150 6 118 1639 150
150 36
153 0 0 89
94 0 313 406 368 939
663 244 69 0 0
59 1389 1031 0 1135
0 59 373 0 726 1156
1118 0 0 939
38 74 0 393 136 368 939
59 43 1605 690 101 1229
0 0 0 814 0
1630 89 59 1210 190 0 0
0 0 0 0
190 0 1640 0
0 5 0 0 5
0 9 59 0 1515 327
0 0 41 0 85 38
0 101 0 473
0 0 0 9 204
313 0 0 0 0
59 295 1641 204 325 0 0 9
506 2 380 0 404 0
504 0 620 0 1533 41 0
0 0 73 167 38
539 387 0
221 0 280 71 680
0 0 1621 26
59 627 101 0 1073 0
772 678 167 0 882 26 1642
0 59 0 5 0
0 1643 279 1096 9 0 547 105
8 116 0 0
967 0 0 373 276 1553 967 177
0 7 0 1503 0
373 446 71 0 290 0 190
291 0 301 930 0 85
73 0 0 428
0 101 1644 32 0 12 159
970 167 1645 0 153
1645 0 59 0 1646
71 1645 1372 0 9 960
1646 1647 59 340 802 0
0 755 0 89 0
118 673 171 167 290 1056 974 0
167 16 726 41 0
143 0
568 283 0 0 1076
0 0 5 1352
0 0 0 742 136
59 0 0 0 0
0 6 0 851 0
340 373 323 0 101 0
0 362 167 0
0 72 340 101 0
394 0 0 782 234
0 0 534 1200
534 74 534 1198 9
568 0 246 0 9 0
1023 820 1648 0 149 0
0 59 810 1244 0
0 1648 0 59 0 0
0 101 909
0 1649 0 59 0
1649 9 0 71 1006 1007
995 0 0
0 291 0
30 0 1509
506 512
0 0
0 875 0
59 1103 1650 24 0
0 71 0 0
0 0 59 1026 1651
0 15 85 0 0 373
0 0 0 0
59 394 0 829 1652
0 59 1653 41 0
0 15 0 71 0
290 71 16 84 0 1652 0
0 4
0 0 0 0 73 38
118 586 59 1146 59 0 0
167 615 0 1326 920 26
504 32 118 1654 0 536
73 38
208 150 15 1569 12 437 0 2
44 45 277
44 46 16
47 515
53 5 37 1060 1061 9
131 0 0 0
0 0 344 6 0
106 113 814 1655
150 1060 1061 9
146 410
8 262 96
85 143 347
384 219 717 373
524 1334 279 26
56 1259 537 56 1259 538 590 101 0
0 6 218 0 246 791
0 829 0 131 101 1656
590 1282 1599 590 0 1511 0 0
59 379 0 0 1657 0
221 0 197
1486 59 380 170 9
0 89 1321 0 0
129 58 9 177 9 0 6 473
384 0 382 0 276 58 729
0 939 0 59 0
1658 0 289 0
167 0 384 6 0
101 0 900 934 0 0
0 41 394 0 817 260
0 9 313 0 118 344
437 0 301 0 0 0
181 0 244 6 0 1659
1361 9 6 0 0 6
506 347 504 759
1575 0 1124 168 813
0 59 0 1660 0
59 190 1517 5 542 406 0
77 1061
274 1060 1061 9
79 0 0
12 1661 2 1361
59 1578 416 1662 0 6
504 6 0 0 59 1663
1662 0 0 395 0
150 1060 1061 9
347 0 1198 177 0
59 63 143 1112 59 143 976
276 186 101 0 326 0
0 875 0 9 854 950
190 0 9 59 0 0
1072 0 26 118 0
290 0 875 59 302 89 0
190 0 504 741 1369
1632 1080 1285 0 0
44 45 277
44 46 1380
47 515 41
53 2
0 0
1484 0 2 425 2
77 145 1664 2 253 56 85 0
53 1060 1061 9
254 410 344 0
245 0 0 1173 0 0
813 0 59 1663 0 0
101 738
143 1619
0 0 57 167 880 9 703
0 1665 384 0 0
1557 0 1535 410
1149 17 5 1666 1259 1615 9 0 0 238 313 5
0 0 1166 0 15 1667 0 1668
118 0 238 286 0 398 0 101 0 0 89
59 1665 0
0 410
71 0 810 1176 1381 278 891
437 814 0 59 0 0
5 1299 437 238 437 0 5 314 0
5 410
190 957 617 0 0 263 244 1508
44 45 277
44 46 221
47 515 41
53 5 0 9
6 437 9 0 21 0
530 313 1277 4 0
167 340 218 1259 177 0
6 0 0 1335
0 0 0 585 89
59 0 15 0 0
71 1669 0 59 1348 0
590 6 0 238 0
375 1670 59 0
0 0 325 983
0 900 59 0 0
0 9 1671 0 71 568 1641
53 1060
90 170 143
425 344 1672 0
221 1673 101 0
344 6
1042 6 425 6 0 384 0
77 1674 6 1675
76 1061 103 425 74 1675
53 2 1061 9 1062 9
76 2 344 1171 1676
0 344
515 0 6 238 6 0 6 0 0
0 0 61 1548 0 70 1345 89 0
1523 177 0 472 59 0 0 1677 224 938
105 5 0 810 0 9 24 647 15 92 16
0 89 373 1678 190
506 506
214 5 1679 0 754 1260 214 70 1679
0 99 1260 59 0 6
143 0 1398
0 238 384 871 0 0 5 214 101 1680
344 1171 1676
565 515 1041 131 1431 515 0 0
71 388 0 0 129 167 92 0
0 0 0 6 892 0 59 0
14 696 515 0
0 0
150 14
77 0 1101 0 59 0 101 0
0 0 9 118 813 0 1605
59 276 0 956 0 0
71 118 0 0 0
0 0 0 9 0
1427 0
85 1681 1682 1683 287
0 0 0 1488 238 504 1427 915 1468
0 1684 58 2
495 1499 874 9 15 0 1430 42 0 1499
874 9 0 71 521 129 504 1427
85 1681 1682 1683 287
44 45 277
44 46 22
1 47 515
53 534 17 9
57 340 0
0 6 1137 9 59 873 368
422 1543 89 6
313 232 0 6 1065 313 136
0 0 101 0 0 136
59 910 1685 727 1504 0
730 384 385 0 713
325 0 0 136 167 0 0
71 0 1686 186 0
1338 0 59 0 0
653 0 59 653 989
595 247 9 403 9 584 71 837 177
0 1006 0 100
167 306 784 59 0 721 59 0
340 0 1687 0 0
0 0 113 1432
150 34
506 313 0 0 1080 0
1056 638 0 373 177 116 59 0 0
0 454 0 6 295 1688 0
59 0 454 1004 276 0
274 34 6 255 630
76 344 0 301 1 1214
90 630
739 384 0 0
384 41 0
0 0 9 158
0 404 1482
512 670 74 143 0 1125 491
951 57 57 0
352 59 461 425
352 59 300
118 0 1502 314
321 1589 0
238 76 630 57 134 1125
801 619 537 1417 619 538
53 5
512 103 1689
0 1690 1489
238 0 1424 253 291 0
6 1003 301 802
90 670 1200
85 0 520 0 836 0 39 325 98
8 642 0 238 739 642 0 0 520
35 0
379 0 238 143 385 0 296 1477
8 190 0 90
76 1691 322 0
59 204 276 0
0 0
71 0 988 1639 0
131 0 0
53 670 1692 670 59 1397 1693
276 670 1401 988 325 1181
630 1200
1694 0 238 0
1695 0 173 0
1695 0 0
906 988 386 293 0
59 306 0 15
136 0 0 568 101 0
0 101 0
164 238 0 0
0 221 0
1696 911 480
0 373 91 1368 0 167 1697 0 0 101
575 1698 59 958 0 0 353
71 372 204 0 504 559 1699 0
1699 0 1699 1699
499 0 0 101 343
150 34
368 467 326 0 506 232 1384
237 1249 373 323 59 512 347 347
240 1056 208 1364 469 105
0 1363 145 1700 232 1606
1529 1084 0 6 0
727 101 0 6 0 0 61
0 59 68 1199 59 0
352 12 572 101 0
59 6 0 0
1583 0 59 0
1112 337 0 630 0
0 6 0 9 1169 1701
1523 89 0 1291 1009 472
373 266 116 0 41 116 0
0 1387 1607 0
6 1218 368 0 503 119 0
59 384 802 232 1095 101 1102 719
0 0 674 0
0 0 15 71 0 373
0 58 1609 177 0
0 15 527 347 741
0 0 244 114 0 0
0 0
1588 1664
506 763 143
53 17
344 0 969 0
53 17 41
170 143
0 425 0 0
0 819 59 0 0 0
0 0 9 348 386
0 0 0 0
0 1335 59 186 1179 0
850 0 0 0 0
924 177 0 0 9 177 0
59 1702 0 472 5 836 1703
59 503 0 0 405 9 1421 9
0 836 348 510 17 1703
0 15 0 295 0
506 0 0 1 0
969 0
927 1664
53 348 242 243 0 1704
77 344 0 1042 0 17
57 425 0
967 0 79
946 946
969 1042 1529 15
372 969 0 77 1207 548
533 1550
1633 348 91
506 0 898 46 89 71 475 1642
0 0 1590 1235 0
0 495 369 0 249
1178 0 683 190
173 348
0 244 0 1705 77 347
6 1706 59 380 0
5 0 241 59 0 241 0 89
1308 59 463 1636 0 190
296 348 173 0
347 6 1706 0 17
344 1590
167 0 6
0 6
173 352 527 58 0
0 566 89 1610 0 622
1356 218 9 1298 301 16 1574 145
321 261 1669 177 0 0 1539
622 676 9 0 71 380
928 177 145 167 118 533 1087
848 0
85 0 56
0 489 0
484 323 1259 145
59 0 0 71 0
0 9 105
76 348 91
408 802 1025 1142 0
71 1707 1708 9 0
0 1709 9 177 0
118 393 101 0 848
167 1708 89
59 1707 1710
445 0 961 0
59 520 38 1711 15 0
898 1600 9
85 118 0 129
464 74 0 0 408 1095
0 59 1087 6 1048
0 0 0 71 0
312 0
766 136 0
1570 0
384 0 143
53 630 433 172 327 0 0 0 9 158
504 0 360 0 0
903 1259 0 643 9 177 0
0 276 325 0 59 0 301
0 1586 1712 537 129 1712 538
530 76 228 0 1713
670 1200 363 552 630 74
146 0 111 0
477 988 1095 597 395 1714 9
720 386 246 1493 731 464
59 0 0 0 0
16 88 0 1088
1125 0 1063 0 0
512 512 512
59 807 0 449 1334
0 0
221 0 659 59 848 0
71 129 0 118 537 246 1167 0 538
0 0 1715 59 0 0 1715 129 85
1230 0 9 0 29 39 1047 0 9 0
0 1716 537 924 1716 538
0 1414 1006 1717 1006 0 741 0 1414 9
1444 1717
1361 6 0 0 0
1333 0 1333 9
393 0 1653 9 424 260 1414 59 1718 0
9 214 320 71 0 0 1627 0 0 0
424 0 0 9 167 0 190 479 533 204 0
6 325 0
0 0 1200 355 6 59 0 0 59 622 917
238 340 1692 1399 9 1719 1106
103 568 1720
103 568 1720
434 415 802
395 1655
103 568 0
1417 244 614 619
116 261 244 1526 334
118 444 118 444
676 0 1657
59 82 177 770 0 520 1644 520
512 0
1492 348 118 0
59 0 0 238 106 1418 89
0 177 1467 131 0
276 0 44 0 59 0
59 0 291 0 0 1547
214 101 0 0 0
71 358 0 9 817 9
177 9 0 0
238 1033 101 0 71 1122
0 380 101 0
59 748 301 458 204 0
928 238 0 316 1721 9
253 1722 233 59 830 1723 596 0 820 376 0 1209 9 1103 42
376 9 1724 59 376 1690 1234 59 189 0 101 1597
59 0 877 1725 1386
150 15
44 45 277
44 46 1325
47 515 41
53 34 21 9
85 380 1726 56
321 174 1519
0 0
150 21
1721 1727 1234 1103 1728 0
425 1128 190 0 291 41
53 40
1729 520 314
1729 9 6
0 17 0 89 61 0 1092 1427
0 0 129 0 34 0
796 0
2 307 1123
34 724 0 5 0 1620 677
0 340 307 0 15 0 529 24
0 0 242 137 140 295 1730 184 0
0 0 727 0 0 0 208
0 0 0 785 71 0 1731 58
291 41 9 0 0 0 83 26 15 238
1420 891 26 9 0 71 186 1666 0 407
307 0 9 1431 59 1674 0 321 261
0 0 0 694 0 756 0 238
1083 0 1732 0 0 0 0
1620 91 1427 677 0 9 1060 1061
9 15 1454 398 662 0 755
504 11 0 677 486
59 168 0 0 0
935 0 290 276 6 0
150 15
44 45 277
44 46 0
47 515 41
53 5 348 9
0 118 101 0 0 0
59 11 1187 0 0 415 817 0 9 408 0
118 101 0 0 578
325 0 167 380 373 0
986 0 173 0
295 851 105 59 802 190 0
0 59 0 59 0
85 24 1733 1086
214 393 0 167 380 1259 105
1068 2 435 89 0 1578
59 380 204 1057 1009 190 0
116 0 85 0 0 9 399 6
0 853 0 0
1673 0 9 58 233 0
0 0 0
6 0 1335 1301
0 0 0
1608 0 1480 1734 0
0 0 71 6 0 0
1335 0 0 1161 1461
59 0 1387 1461 0 0
71 380 300 35 74 0 363
325 828 59 1255 1735 0 9
71 850 1735 177 0 363
0 6 238 276 848 284
848 0 0
0 59 0 0 71 0
0 0 101 738
85 276 398 397 0 408 0
0 9 290 1736 0 90 398 143
53 33
2 307 425
76 393 972 59 1540 217
384 1121 0 56
0 325 0 15 0
105 0 105 0 0
858 348 669
150 33
1123 76 656 1615 9 0 242 1551 0
271 0 766 0 482 59 0
590 0 1254 0 241 290 0 2
143 385 6 0 0 177 41
214 0 89 214 0 189
0 1710
1100 0 2
0 0 0 0 0
380 0
0 425 238 0 89
590 69 0 1641 153 0
0 0 875 0
0 0
714 373 348 85 0 238 0 9 71 394 0
445 425 74
340 1670 0 89
57 393 0 246 848 0
0 0 0 0
59 118 190 0 71 241 0
0 276 740 0
0 0 958 0 6
59 1722 306 0 308 131
238 1500 1165 0 9 1578
59 0 0 1726
946 410 496
0 9 490 1737 0
380 0 72
0 0 281 0 59 0 9 2 1705 16 1257
406 190 325 136 190 910 1738 537
0 177 6 1738 538 238 0
0 89 1701
0 143 425 74
82 386 1175 0 788 89
167 399 9 190 1643 0 9 0 1657
59 979 59 1146 6 101 456 59 1440
167 453 1638 0 1249 71 386
325 1739 59 1440 9 105 118 1740 24 516
0 16 1240 17 0
59 248 0 0 15
238 0 294 0 579 554
0 1719 0 0
0 0 137 0 0
0 0 0 301 6
71 0 59 0 6 101 0
750 0 9 71 0 1539
85 0 1604
473 0 6
6 736
61 1489 0 9 6
85 113 1257 0 6
0 1741 59 0
101 1452 59 0 0
276 1702 0 1742 0 89 131 1107
71 0 0 1504 0
71 1089 15 291 0 15 291 1000
721 0 0 177 6 0
59 1743 1656 2 0 0
0 6 59 393 1742 660
395 555 101 277 59 0 6
85 1736 1736 0 143
348 1684 0
291 0 1291 89 0
0 620 1744 167 87 0
504 143 0 1378 984
408 0 101 0
485 0 222 167 101 346
59 913 0 9 1390 301 222 0 689 71 313 101 1140
485 315 1625 16 0 1136
1634 291 0 0 71 956 0
59 657 572 0 291 0
0 480 0 739 802
85 283 0 283 0
0 0 0 59 1450 190
190 0 1349 832 9 373 9
71 0 0 0 0
0 1057 190 167 814 234 0
118 0 2 71 408 0 129
204 101 1537 719 0
167 5 1555 71 1745 143 0
0 1212 0
85 937
862 0 837 89 0
0 177 167 0 0
348 91 0 101 1029 2
1079 9 6 1741 101 0
879 0 0
0 71 276 129 6 9 0
1022 1746 1747 1748
0 0 59 0 6
0 0 71 105 0
106 6 0 291 1691 427
1209 821 0 59 0
460 6 0
72 283 1749
59 84 1209 0 9 0
16 326 0 0 190
71 1386 0 59 0
1718 371 1283 1520 89
0 6 0 1671 0 131 0 327 1658 0
884 9 1671 0 0
1750 71 0 89 0
802 301
72 71 490 0
1651 0 384 101 0
222 967 9 101 0 215 283
59 143 0 325 1005 0
71 0 0 71 490 0
490 24 279 0 59 0 478
0 71 0 41 0
1746 1747 1748 0
0 0 59 0
59 1751 114 0 1752
85 0 1129 0 0
769 542 1571 0 89
541 0 0 0
71 0 943 490 167 76 763 143
53 37
90 37
16 1056 1753 0 1478 1056 41 1753 473
0 1056 348 802 0
1714 344
0 820 0 1136
515 0 0 0 261 159 190
515 328 0 940 0 6
0 0 327 0
0 0 9 105 0
0 0 700 0 726
0 15 730 0 0
0 780 515 0 0
0 0 0 6 0
1332 0 1660 59 0 0
875 1754 1755 6 9 0 1756
59 92 222 1559 820 0
71 0 0 244 1230 1095 0 0
59 0 0 450 0
6 0 195 1063 9
167 276 1377 1756 0 105
59 0 1692 0 0 1384
171 454 0
512 71 1714
802 6 802 301
393 0 1159 630 74
1698 71 101 1049 238 783 446 190
0 0 69 184 71 118 0
59 116 0 0 0
0 9 0 69 425 73
956 924 1115 59 0 190 167 512
1109 0 435 920
150 6
504 838
1744 6 101 0 0 1539
0 101 0 114 397 1112
71 347 6 843
150 15
44 45 22
44 46 16
53 24 0 0 1757 1650
1379 558 1130 321 261 1758 0 0 9
1149 1239 71 0 1759 373 0 59 558
74 356 1760
1105 0 0 0
85 0
0 0 0 0 958 0 85 164
394 0 0 71 1130 0 221 283
1249 1130 0 0 0 9 1249
1761 394 0
238 1762 0 0
0 101 299 1763 1764 1136 72 1763 454
1136 72 0 0 0 0
0 300 101 1030 167 394 6 0 0
71 0 1761 0 0 0
167 101 0 1345
1149 1025 0 1759 0 1760
0 0 1765 0 71 0
85 0 59 0 291 0
1766 1767 1765 1768 537 1766 1767 1445 0 1768
538 504 0 7 174 15 0 0 25 9
89 283 0 1769 0
0 1769
0 0 389 59 0 0 1546
1502 59 0 321 1623
238 0 0
951 1770 0 384 0 0
1770 0 399 0 0 1546 1771 962
0 0 59 0 0 0 71 263 0
56 1772 537 1773 1772 1774 1448 1775
1776 279
519 1777 519 1778 1779 101 1772 740
0 101 1780 711 519 1777 1780 238
1105 1780 519 0 1218 0 0 558 0
238 224 0 519 0 1761 519 1778
0 0 0 504
56 1772 537 1773 1772 1774 1448 1775
1776 279
1149 0 59 0
527 0 0
0 0
53 2 34 9 0
0 0 0 0 0 9 0 0 325
0 1771 0 0 0
0 132 241 1279 917 629 0 0
0 1781 0 867 260 0 1782
150 0 1783 1213 59 1125
1155 0
0 131 0
0 504 222 527 0
101 0 291 0 0
383 283 0 0 1456 0
0 682 0 0 1784
1021 283 0 643 0 339 184
167 0 0
0 268 0 0
438 0 0
59 0 0 101 0
1421 0 0 59 7 0 506 0 871 700
0 0 1785 0 0 0
0 214 118 0 9 0 214 1786 0 133
214 445 410
214 190 1787 0 0 0 425 141
0 190 1543 425 0 214 410 797 131 6 59
0 797 131 0 1216 0 650 1199 9 214
1149 410
85 0 238 118 1694 6 0 70 321 895 1286 1788
59 436 0 1785 0 25 1757 103 958 0 241 667
325 1181 848 572 0 241 0 0
1624 118 1310 89 7 0 105 0
0 0
16 0 16 0
801 9 0 0
59 1789 1790 1791
71 658 1783 1792
595 1793 1693
85 41 214 1246 0 595 1793 190 133 8
344 105 0 59 0 0 0 0
0 9 118 0 1685 0 173 101 917 6
1343 233 1365 0 223 506 92 0 214
383 0 6 0 59 0 1615
701 0 59 0 420 9 0 103 0
59 0 1615 0 436 0 0 101 0 0
1779 101 0 1440 6 118 101 0 0
0 0 9 0 761 727 0
59 0 713 844 383 1319 0 0 71
0 0 0 0 323 504 133
1466 0 9 16 0 410
383 0 1346 1794 0 133
1149 410 1148 1794 9
0 0 9 1249 1794 0
0 0 0 0 1249 56 0
1115 17
59 1789 1790 1791
71 658 1783 1792
0 393 0 1549
1762 1790 190 89 0 1793 1115 167 0
0 0 101 0 515 0 71
0 0 0 238 0
988 1637 0
0 1795
85 670 1637
0 1795 9
515 56 0
0 1617 17 238 520 1506 1087
313 726 0 1326 0 0 278
0 958 0 0 0 0
0 1769 1259 34 92 221 1223 0
0 0 699 21 249 0 0
1222 446 0 0 0 1696 25
1790 1394 1658 1731 0 0 0
5 0
1696 170 1018
101 0 101 0 810 177 0 1018
153 337 0 2 386 0 0 59
0 0
1149 1025 173 1427 6 0
1111 515 0 0 0 515 116
515 0 0 0 0 9 774
0 143
162 0 325 191
384 0
1694 0 0
233 143
1694 1763 0 0 0 58 89 0 1790
1783 0 0 59 0
92 1360 762 1173 0 437 221 0
0 0 85 1573 0
0 221 1593 92 0 0 1009 1790
92 0 221 1593 0
173 608 536 537 41 222 536 538
85 383 0 0 0 0 1764
1667 92 222 536 313 369 1796 437 0 1764 85 595
1793 1642 0 890 0 92 1227 221 1790
1787 56
1787 369 1796 454 1797 1787 56 101 0
57 101 723
0 0 1797 0 1677 7 769
0 0 0 0 1485 595 0
1787 1798 5 1213
0 595 1793 0 506 1112 1798 615
346 34 0 568 101 0 0 313 101 654
0 0 0 59 118 837 1799 1340 360
0 0 0 103 1196 0 293 0 0 0 118 344 105 0 1202
0 0 590 0 177 0 0
1202 9 118 0 56 1203 118 101 1385 133 95
0 1788 118 1258 74 1569 1781 59 296
0 0 1531 0 592 0 101
0 0 296 131 634 34
143 0 410
1173 0 244 520 1785 101 152
0 0 9 0 512 595 1793 1693
445 0
0 0 0 34 502 769
0 0 520 437 0 0 133
1340 246
0 101 1140 782 575
434 1025 0 238 6 0 241 1354
1263 59 0 0 89 0 71 0 802
520 1697 955 520 0 520 1608 245 190 1608
0 1800 769 245 0 59 502 0 1347
1201 0 0 0 754 214 133
437 1220 520 245 836 9 1072
524 0 0 0 0 89
0 850 0 101 525 71 0
101 1131 7 1801 409 0
238 586 77 586 0 118 1462 5
53 0 41 9 0 1412 255 630 437
348 0 9 255 5 37 14 9
37 14 9 56 0 177
59 0 0 71 0 703
0 1672 405 0
206 0 0 0 204
59 0 1617 106 0
103 0
1588 955 2 34 9
118 255 1232 143
348 6 988 429
118 255 1232 143
18 1723 0 0 0
601 0 59 0 0
0 1474 71 438 0
0 403 0 0
52 0 0
59 805 0 9 886 9 0
238 340 242 0 118 325 0
59 1103 0 59 560 1678 0
59 1233 771 1724 9
384 0 41
18 0 145 1311 1232 0
0 0 59 321 1589
727 0 0 0 6
1438 1538 59 1063 1469 0
0 0 0 1635 0
321 1589 1580 1309 836 363
0 566
630 384
0 0 73 1802 1754 0
0 874 0 313 998
670 1200 0 560 0
1754 0 238 367 1485
568 101 1052
473 76 165 1799
1545 165 0 1803 1725
1799 659 1198 0 0 548
106 245 0 0 0 1783 829 1027
395 0 904 9 438 245
0 0 0 0 1575
0 1575 0 0 0 9
0 190 145
766 275 2
504 0 1494 56
0 1475 1528 56 924 355
59 56 308 1804 0 105 1591 0
1704 2 58
1783 829 1027
0 622
0 15
0 278 1437
77 0 1455 0 482
0 59 0 101 0
167 1674 1432 131 71 0 659
77 1170 0
504 0
76 2
410 91 76 1633
15 0 1062 59 936 669 15
473 0 727 6 0
0 0 0
506 0 143 1537
630 0 0
0 1534 0 0 323
59 568 0 340 143 849
506 1805 6 348
512 77 0
527 77 143 849 101 1457
0 0 0 0
0 0 16 1668 0
1749 9 103 0 89
0 89 0 0
0 0 0
0 0 0 0
0 0 827 0
59 0 301 933 315 1288
0 0 1575 59 1806
1565 0 89 1626 0 146
726 638 1434 71 0 9 58
1805 59 873 0 0
466 89 222 276 0 0 1292
0 0 1807 101 0 190 0 657 586 59 0
296 17 173 0 313 0
238 116 204 0 0 9 566
71 958 253 1562 59 0 0 535
482 34 91 77 6 499 150 34
1808 136 0 101 0 115 116 0
395 373 323 0 77 347 91
0 20 0 0
0 437 0 802 1426
276 170 122 1358 238 531 0 1503
150 15
44 45 22
44 46 24
47 1433
53 2 34 9
755 17 118 41 1689 384 170 111
101 323 0 133
0 425
1496 0 131 889 101 1322 190
58 1359 537 1734 1034 0 538
373 0 85 1141 908 0
0 113 0 190
0 1500 891 71 0
0 0 0 313 0
0 0 9 0 721
0 190 425
0 0 0 0
0 89 59 515 0
0 0 1306 0 1547
943 1539 0 0 59 423
0 0 1569 0 0
0 1130 0 59 0 0
0 0 59 34
1688 1072 1308 1140 515 356 1100 0 1733 0 1168
59 0 1 61 30 0 9
958 101 0 59 1809 817
71 170 0 0 101 0 217 0 0 757
57 168 0 0 9 145
118 1128 0
384 0
76 227 1103 1810 276 190 0
238 384 0 118 101 858
707 72
735 0 1628 0 891
71 0 0 44 0
0 59 227 0 397 0
0 0 1200 1811 1629 0 650 1812 337
0 1200 0 131 0
1327 283 89 1549 394 0
238 17 118 0 552 283 0 1701
143 0 0 101 0
445 410
0 0 0
0 1813 0
59 535 638 883 0
59 0 0 221 0 0
59 313 0 1400 811 0 0 59 195 0 0 41 1573 0
0 1204 59 0
0 59 283 0
238 1103 0 395 0
59 0 0 15 291 222 0
384 0 1615 0
85 0 834
1814 0 9 190 0
533 0 1115 1 1713
290 0 190 221 1226 0 5
71 1800 0 1100 41 1130 1811
0 1489 1103 0 1077 1647
59 568 0 982 85 176 271
166 819 0 0 0 143
415 101 0
71 301 1061 17 1060 9
506 185 1613 5 0
0 815 15 0 323 0
0 727 196 24 894 310
1209 1744 1458 0 1326
71 340 1101
473 0 1012
283 0 342 533 74 1661
495 0 656 0
0 5 397 0 1786
59 817 0 9 0
0 71 404 0 1252
394 1755 0 133 1209 1584
59 0 0 574 1801 1404
0 71 0 133
238 276 1815 340 0 398
59 384 0 715 276 101 1029
71 1567 0 6 167 0 0 58
59 0 89 0 1188 16 454 597
238 0 1808 0
941 1539 595 0
276 715 1002 0 9
11 6 1582 238 0 1576
0 9 362 0
76 55 56
53 21 1816
417 0 0
0 17 0 0 1710
434 410 91
687 979 537 0 979 1127 0 373 6
0 211 1817 0 1556 9 105 0 514
0 0 9 16 0 89 71 1072 0
444 1249 190 276 325 420 298 6 167 245 404 1249 101
425 0 1505 0 129 74 0 16 700
1542 887 0
0 17 0 0 0 0 681
190 0
425 74 1392 0
434 67 101 635 1415 0 0 524
106 0 410
167 650 0 0 59 1133 0
0 410 0 1751 101 1130
0 58 167 410 0 5 204 1818
0 732 0 5 17 0 0 0
0 0 0
0 482 1002 0 356 2
57 0 0 17 415 538 103 0
0 0 0 0 0 6 0
74 938 0 0 26 59 406 0 0 1819
82 9 6 445 731 0 0
0 82 0 0 279 478 0 85
0 537 0 910 0 6
0 756 0 129 167 0
0 0 101 0 0 0 541 1025
0 0 0 0 0 0
0 0 0 6 0
0 0 537 0 1820 450 0 1784
1743 0 89 71 0 0 0 168
822 0 0 1152 1821 59 1184 1821 0
0 0 0 1009
0 1818 6 0
0 17 0 0 1822 0
6 0 0 1822 0 1105 0
1527 1237 1823 0 0 89
0 0 283 0 233 143
219 0 0 1338 1024 0
177 0
740 17
1824 0 0
95 847 0 17 167 104 101
0 0 71 0 1120 17
1824 847 193 888 0
167 0 348 0 0 6 0 238
0 888 0 0 9 0
888 6 242 0 101 994 167 1659
1117 0 1806 6 0
1284 143
0 1209 9
71 24 242 0 238 116
17 340 1325 896 1807 5 59 407 1325 1241
180 0 9 0 6 101 0 105 1299 9
0 1825 41 9 59 0 0 0
0 1070 9 221 0 168 0 0
1826 0 59 0 1827 105
143 0 1826 984
278 0 1823 399 0 101 0 465
1825 190 0
214 0 164 726 0 0 9 167 0
114 1825 190 238 1120 1828 1325 896 1829 1325 1241
180 0 221 1826 1827 9 1819 878 1829
1241 878 101 0 173 189 0 1463 0 0
1830 0 129 6 9 165 129
0 6 71 1542 0 0 6
1828 101 0 5 1830 1310 6 335 537 0
1828 5 335 538 59 395 654 450 1831 111 0
0 101 0
59 384 170 0 0
410 0 654 450 1831 111 0 0 101
17 103 564 0 0 5 0 118 170
0 0 242 0 82 59 313 202
0 5 71 340 1832 643 0
0 71 1191 167 0 59 106 0
0 0
106 0 17 0 995
313 0 0 9 410 74 0
707 707 150 1816 188 0 406 6 958
340 0 291
1502 1668 1374 681 0 0
38 0 0 6 0 71 313 726 0 0
89 6 0 9 0 850 1328 0
0 0 0 766 0 0 59
0 0 238 394 0 0 0
53 32
410 564 5 0 2 98 1816 220
204 0 5 118 348 0 291
1504 0 101 0 0 5
1419 1130 0 407 0 0
0 356 1833 176 0 0 279 643 0
276 1206 5 37 177 9
290 72
204 348 0 1504 0 89 37
0 6
150 32
0 0 410
101 0 411 0 313 0 0 1504
1038 0 1832 1632 69 373 101 0 167
434 410 0
0 167 214 810 0 0
184 1441 103 1206 101 1015 59 186 0
506 57 145 262 0 0 241 728 9 298
118 624 739 0 739 1834 118 0 118
1834 739 170 313 0 82 0 0
1355 291 390 173 0 0 111 637
53 5 37 348 351 1816 14 9
1835 41 9 243
504 2 504 422 0 1810
2 0 348 405 683 5
848 1836 17 0 58 301
167 1057 0 82 0
114 982 1786 0 337
0 362 1837 727 458
1323 9 0 9 0
207 0 778 301 362
1837 76 101 0
348 0 1765 2 568
1121 0 2 59 348
0 6 0 0
71 1057 0 2 0 2
85 0 56 368 1837 714 319
848 0 71 1524 9 2
2 0 1577 26 657 1837
17 0 1786
394 986 1660 0 101 0
1585 0 0 0
71 0 820 667 0 131
59 541 1607 0 6 71
6 1838 537 58 1838 538
1174 69
59 380 1736 848 0
404 184 167 1839 368 0
288 0 0 0 9 0 1840 204 221 380 0
1813 0 279 0
1275 59 0 204 0 177
221 176 331 204 485 0
0 1497 59 0
0 0 0
59 0 11 0
0 504 113 1209 973
504 1835
1209 0 16 1550
0 1752 455 1680 348
0 276 0 263 912 244 0
1820 276 0 190
0 17
434 17 405 0
77 0 186 0 973
0 2 393 878 0
878 1509
445 0
1709 0 878 0
0 7 0 0 643 0
238 0 6 71 393 1504 0
57 806 1841 380 41 392
0 1841 0 0 1310 1032 15
445 425 91
0 502 1842 0 0
73 16 24 1009 1843 2 0
291 588 1843 1833 1498 0 71 1297 180 177 59 2 1802
1844 1845 5 0 1846 1750
0 1817 1573 1846 207 7 0
277 1 0 1678 0 1817 538
1842 973 0 1847 901
0 1847 9 771 59 1640
1847 9 0 0 1847 0
0 2 1802 1848 0 0
504 59 0 0 0
504 17
504 425 1504 15
72 6 0
6 0
85 76 0
221 502 1550 76 2 0 190
73 1595 340 1842 0
763 771 1588 0
57 425 45 24 0 0
0 504 0 15 943 0 143 1132
1849 1849 419
276 943 0
506 1352 59 0 6
2 0 1810 76 357 0
0 1848 9 534 2
711 425
347 0
0 410 290 380 0
431 0 1842 190 512 0 177
0 0 425 276 0
504 620 0
425 276 0 301
101 0
431 238 1371 0 111 0
348 504 202 221 0 145
0 89 0 0
0 464 914 58 101 0
133 504 1504 15
0 24 894
118 1345 1728
2 1850 348 0 1209 1730 15 348 1850
1851 1851 118 0
57 0
124 77 515 37 0
24 777 1485 260 384 129 425 91
384 129 348
0 960 59 541 0
0 0 497
37 368 143
0 0 15
57 57 502 502 506 2 69 464
502 502 1602 326 802
530 5 548 77 969 0
1308 77 190 0 875 348
103 190 2 2 74 0
118 393 1772 1852 323 291 1671
0 393 923 122 0 89
541 0 1308 1737 1561
821 1209 59 0 893 1387 490 1660
59 118 0 190 103 1471
59 568 0 326 1845 493
291 41 192 306 1249 5 1249 5
0 326 631 145
71 326 118 1654 400
5 1601
1717 351 337 1308 1308
0 966 118 0 89
77 869 0 1 28 861
0 0 0 0
495 499
802 5
711 1345 0 6
326 0 6 238 118 0
2 533 197 0 9 306 177
0 59 0 306 1836 9
0 321 261 395 831
34 276 1464 37 1112
73 76 0 0 0
76 44 23 586 1686 0
1809 89 222 506 0 0
0 0 0 71 276 0 238 116 1464 34 221 1594
380 296 59 1839 0 131
71 186 190 0
57 402
1819 0 1241 1711
221 0 1844
530 204 280
1842 1550 405 1483 473 0
527 267 452 0
276 0 1840 204 0 301
77 92 222 582 0
71 106 89 1045 0 0
59 1852 1803 0 323 0
0 0 11
814 0 763 139 1230 48 1588 767
173 763 182 1230
0 1387 209 194
0 1802 1436
1464 34
59 1080 820 0 0 1259
1815 398 0 0
238 1853 194 0 1786
101 1739 1051 59 0
1853 0 58 0 71 340
373 116 373 234 9 177 0
59 384 415 0 118 0 177 802
118 1332 404 74 73 425 74 73
0 118 0 321 261 0
103 173 55 771
766 763 1854 1230
53 194 30 31 41 9
143 1660 567 145
85 143 1660 0
448 291 1631 131 0
0 71 101 299
63 0
101 475 0 506 0 802
0 1104 0
0 537 1560 0 0
1855 1700 589 0 8 103 0
1815 398 0 398 0
0 109 238 118 291 398 0 105
71 463 0 1072 0
59 352 1060 17 1061 9
101 0 1727 283 1071 0
568 0 1071 131 0 1855
0 6 221 0 9 206
802 568 101 356 238 118 103 0
423 0 202 268 1815 144
160 0 129 118 0
0 0 593 1646
0 384 170 153 177
221 114 0 1614 101 0
1486 0 9 260 9 0 0
0 1444 9 197 0 42
0 9 0 184 891 233 987 42
59 0 177 0 0
463 0 9 177 0
59 177 0
395 0
59 1804 0 234 177 1782
0 204 118 101 0 58
0 9 365 542 0
1666 0 1812 58
59 61 0 118 0 905
276 114 398 580 9 0
0 1166 234 71 0 1573 0
167 118 395 373 323 0
0 454 0 71 276 0
1056 41 118 0 1687 0 9
77 0 2 74 0
277 29 71 204 0 0
425 2 0 71 1745 1719
59 321 261 1758 340 0
20 1230 182 1232 9
1311 0 0 446 0
473 103 167 0 59 940 1814
504 1732 174 1782
763 437 693 1854 0
150 15 1311 243 529 1802 767
1740 2 3
